Samples	CH43A	CH43B	CH43C	CH43D	CH43E	CH43F	CH43G	CH43H	CH43I
EOC1003_p2OvaL1_TR_DNA	5.27E+00	7.46E+00	1.51E+01	4.36E+00	2.25E+01	2.61E+01	1.44E+01	1.73E+01	4.83E+00
EOC1003_p2OvaR1_DNA1	4.18E+00	5.08E-01	1.21E+01	3.36E+00	1.71E+01	1.66E+01	8.32E+00	1.28E+01	3.54E+00
EOC1022_pOme1_DNA1	1.41E+00	4.31E+00	5.48E+00	2.26E+00	3.50E+00	5.37E+00	0.00E+00	2.36E+00	3.95E+00
EOC1022_pPer1_DNA1	6.32E+00	8.07E+00	5.94E+00	5.41E+00	2.85E+00	8.22E+00	2.85E+00	4.16E+00	3.95E+00
EOC1067_pOme1_DNA3	1.86E+01	8.36E+00	8.17E+00	7.14E+00	1.18E+01	3.07E+00	7.84E+00	1.36E+01	4.21E+00
EOC1067_pOvaR1_DNA1	2.93E+01	2.07E+01	1.06E+01	1.65E+01	1.72E+01	1.22E+01	1.82E+01	1.60E+01	3.45E+00
EOC1067_pPerR1_DNA1	1.04E+01	5.69E+00	8.92E+00	4.74E+00	1.05E+01	5.17E+00	6.10E+00	9.25E+00	4.39E+00
EOC1067_pTubL1_DNA1	8.57E+00	7.58E+00	1.34E+01	7.03E+00	1.84E+01	1.71E+01	9.87E+00	9.90E+00	4.26E+00
EOC1091_pOme1_TR_DNA	1.07E+01	1.02E+01	2.00E+01	7.31E+00	2.55E+01	9.48E+00	8.72E+00	1.75E+01	3.93E+00
EOC1091_pOvaR1_TR_DNA	3.42E+00	1.32E+01	9.57E+00	5.41E+00	2.21E+01	2.96E+01	1.37E+01	1.94E+01	6.54E+00
EOC124_pOvaL1_TR_DNA1	2.15E+01	1.41E+01	8.20E+00	2.27E+01	1.53E+01	2.93E+01	1.31E+01	2.04E+01	2.18E+00
EOC124_pOvaR1_TR	4.48E+01	1.22E+01	1.45E+01	1.62E+01	9.54E+00	3.44E+01	8.55E+00	1.55E+01	3.07E+00
EOC133_pAsc1_DNA1	4.44E+01	7.70E+00	1.15E+01	7.51E-01	1.30E+01	4.58E+01	6.71E+00	2.19E+01	2.91E+00
EOC133_pOme1_TR_DNA	3.82E+01	5.65E+00	1.33E+01	2.54E-01	1.31E+01	3.60E+01	7.87E+00	1.57E+01	2.66E+00
EOC133_pOvaL1_DNA1	3.54E+01	9.02E+00	1.20E+01	2.03E+00	1.44E+01	4.33E+01	6.65E+00	2.27E+01	3.14E+00
EOC148_pAdnL1_DNA1	5.44E+01	1.04E+01	2.49E+01	5.14E+01	3.18E+01	3.90E+01	1.49E+01	4.04E+01	9.86E-01
EOC148_pAdnL3_DNA1	4.18E+01	1.15E+01	2.39E+01	4.51E+01	3.73E+01	3.38E+01	1.63E+01	2.72E+01	5.53E-01
EOC148_pOvaL4_DNA1	2.96E+01	7.88E+00	2.12E+01	2.85E+01	2.27E+01	2.40E+01	1.56E+01	2.09E+01	1.76E+00
EOC148_pOvaL5_DNA1	4.52E+01	9.80E+00	2.21E+01	4.73E+01	3.05E+01	3.54E+01	1.55E+01	3.26E+01	6.42E-01
EOC192_iOme1B_DNA2	1.98E+00	2.56E+00	1.23E+00	0.00E+00	3.22E-01	2.73E+00	3.31E+00	2.40E+00	3.18E+00
EOC192_iOme3A_DNA1	1.59E+00	2.22E+00	1.28E+00	0.00E+00	1.34E+00	2.79E+00	3.33E+00	1.90E+00	3.22E+00
EOC192_iOvaR1A_DNA1	5.21E+00	5.61E+00	4.61E-01	2.02E+00	2.09E+00	4.39E+00	3.16E+00	4.59E+00	4.10E+00
EOC192_pAsc1_DNA1	3.18E+00	4.98E+00	3.77E-01	0.00E+00	1.64E+00	5.05E+00	5.29E+00	3.24E+00	4.17E+00
EOC192_pOme1A_TR_DNA1	5.13E+00	6.07E+00	5.30E-01	1.64E+00	1.85E+00	4.46E+00	3.01E+00	4.92E+00	4.24E+00
EOC192_pOme2B_DNA2	4.56E+00	6.45E+00	1.75E+00	1.86E+00	2.95E+00	5.13E+00	3.15E+00	4.36E+00	4.55E+00
EOC192_pOvaR1A_DNA1	5.05E+00	5.69E+00	9.95E-01	2.16E+00	1.51E+00	3.75E+00	3.36E+00	4.61E+00	3.88E+00
EOC192_pOvaR1A_DNA3	6.11E+00	6.06E+00	1.31E+00	2.02E+00	1.43E+00	3.33E+00	4.09E+00	5.35E+00	3.58E+00
EOC192_pPer1A_DNA2	2.54E+00	5.87E+00	1.80E-01	2.43E+00	3.41E+00	9.43E+00	3.84E+00	7.08E+00	5.32E+00
EOC192_pPer2B_DNA1	1.17E+00	7.57E+00	6.79E+00	1.27E+00	8.79E+00	5.75E+00	1.23E+00	9.88E+00	5.23E+00
EOC293_pAdnL1_DNA1	2.80E+01	8.16E+01	1.52E+01	1.18E+01	4.52E+00	1.17E+01	7.94E+01	1.82E+01	1.11E+00
EOC293_pMes1_DNA2	7.83E-01	7.98E+01	2.41E+01	4.30E+00	8.89E+00	3.14E+01	7.59E+01	2.04E+01	9.75E-01
EOC293_pOvaR1_DNA2	2.49E+01	7.50E+01	1.70E+01	5.17E+00	5.31E+00	7.63E+00	7.17E+01	1.19E+01	1.34E+00
EOC372_iOme1_DNA1	1.86E+01	9.20E+00	1.50E+01	1.99E+01	1.63E+01	1.36E+01	1.25E+01	1.21E+01	2.60E+00
EOC372_iPer1_DNA1	9.78E+00	4.96E+00	1.71E+01	1.57E+01	1.92E+01	5.46E+00	1.32E+01	1.02E+01	3.95E+00
EOC372_pPer1_DNA1	1.18E+01	7.36E+00	1.82E+01	1.82E+01	1.96E+01	9.34E+00	1.71E+01	8.37E+00	3.15E+00
EOC523_pOme1_DNA2	8.28E+00	5.00E+00	9.74E+00	1.60E+00	9.36E+00	2.47E+01	4.28E+00	1.98E+01	4.35E+00
EOC523_pOvaR1_DNA2	5.83E+00	3.20E+00	8.42E+00	5.45E-01	6.42E+00	2.24E+01	2.72E+00	2.05E+01	4.27E+00
EOC561_pPer1_DNA1	2.70E+01	5.10E+01	1.02E+01	1.65E+01	1.18E+01	2.39E+01	4.86E+01	1.96E+01	2.60E+00
EOC561_pPer1_DNA1_bgiseq	3.24E+01	5.20E+01	1.06E+01	5.85E+00	8.79E+00	8.26E+00	5.11E+01	1.71E+01	2.64E+00
EOC63_pOme1_DNA1	2.20E+02	4.37E+01	1.41E+01	1.54E+02	5.27E+01	1.54E+02	2.88E+01	1.87E+02	0.00E+00
EOC63_pOvaR1_DNA1	3.83E+01	1.54E+01	3.09E+01	2.90E+01	2.08E+01	3.20E+01	1.81E+01	0.00E+00	3.32E+00
EOC667_pMes1_DNA1	4.17E+01	1.66E+01	8.11E+00	4.24E+01	1.95E+01	3.87E+01	1.05E+01	3.96E+01	2.36E+00
EOC667_pOme1_DNA2	3.37E+01	1.78E+01	7.98E+00	3.36E+01	1.71E+01	2.99E+01	1.23E+01	3.08E+01	2.84E+00
EOC77_iOme1_DNA1	1.54E+00	8.17E+00	7.59E+00	4.94E+00	6.99E+00	9.06E+00	4.88E+00	2.72E+00	4.09E+00
EOC77_iOme2_DNA1	3.44E+00	1.05E+01	1.05E+00	5.66E+00	4.68E+00	1.50E+01	5.36E+00	1.30E+01	4.82E+00
EOC77_iPer1_DNA2	7.99E+00	8.46E+00	8.39E-01	6.55E+00	4.97E+00	8.02E+00	5.12E+00	5.25E+00	3.94E+00
EOC77_pAsc1_DNA1	2.32E+00	6.34E+00	2.51E+00	5.02E+00	3.96E+00	7.44E+00	3.61E+00	3.74E+00	4.02E+00
EOC77_pOme1_DNA3	4.67E+00	7.77E+00	3.27E-01	4.23E+00	3.56E+00	7.17E+00	4.32E+00	7.01E+00	5.54E+00
EOC779_pOme1_DNA1	2.49E+01	4.38E+00	9.49E+00	0.00E+00	8.74E+00	2.79E+01	6.96E+00	1.12E+01	3.78E+00
EOC779_pOvaL1_DNA1	7.78E+01	1.24E+01	6.39E+00	6.48E+00	1.60E+01	8.68E+01	1.00E+01	4.49E+01	1.10E+00
EOC779_pPer1_DNA1	5.41E+01	9.57E+00	9.08E+00	2.76E+00	1.41E+01	6.09E+01	8.12E+00	2.88E+01	2.19E+00
EOC863_pMes1_DNA1	1.92E+00	1.22E+00	1.54E+01	1.48E+00	2.05E+01	1.07E+01	9.88E+00	8.11E+00	3.85E+00
EOC863_pOva1_DNA1	1.28E+01	5.09E+00	2.00E+01	9.41E+00	2.39E+01	1.81E+01	6.90E+00	1.19E+01	3.66E+00
EOC879_p2Ome1_DNA1	1.84E+01	8.10E+00	1.55E+01	7.25E+00	2.17E+01	1.08E+01	1.26E+01	1.59E+01	4.14E+00
EOC879_p2OvaL1_DNA1	2.91E+00	4.20E+01	5.15E+01	4.40E+01	5.93E+01	4.63E+01	1.12E+01	9.06E+00	1.31E+00
EOC879_p2TubL1_DNA1	1.46E+00	3.92E+01	4.49E+01	3.45E+01	5.10E+01	4.50E+01	1.42E+01	5.32E+00	1.62E+00
EOC914_iOme1_DNA1	2.05E+01	1.16E+01	2.29E+01	1.89E+01	3.70E+01	2.87E+01	1.69E+01	1.30E+01	3.68E+00
EOC914_iOvaL1_DNA1	1.38E+01	1.41E+01	2.36E+01	1.79E+01	3.70E+01	3.53E+01	1.64E+01	1.61E+01	3.74E+00
EOC914_iPer1_DNA1	1.59E+01	1.03E+01	2.21E+01	1.52E+01	3.17E+01	2.68E+01	1.59E+01	1.23E+01	3.59E+00
EOC984_pOme1_DNA1	1.25E+01	6.11E+00	6.25E-01	5.98E+00	3.49E+00	9.98E+00	2.60E+00	7.10E+00	3.88E+00
EOC984_pPer1_DNA1	1.03E+01	6.32E+00	5.04E-01	6.30E+00	3.92E+00	9.52E+00	3.72E+00	5.68E+00	3.80E+00
