Samples	CH43A	CH43B	CH43C	CH43D	CH43E	CH43F	CH43G	CH43H
EOC1003_p2OvaL1_TR_DNA	2.08E+01	5.10E+00	1.83E+00	1.78E+01	2.53E+01	1.62E+01	1.59E+01	4.42E+00
EOC1003_p2OvaR1_DNA1	1.46E+01	3.88E+00	1.17E+00	1.38E+01	1.68E+01	1.12E+01	1.13E+01	3.29E+00
EOC1022_pOme1_DNA1	2.25E+00	1.44E+00	3.67E+00	3.58E+00	1.15E+00	1.88E+00	1.56E+00	3.34E+00
EOC1022_pPer1_DNA1	7.01E+00	5.66E+00	5.29E+00	3.83E+00	1.12E+00	2.78E+00	4.21E+00	3.78E+00
EOC1067_pOme1_DNA3	1.34E+01	1.14E+01	7.27E+00	8.15E+00	1.48E+01	8.42E+00	1.03E+01	4.15E+00
EOC1067_pOvaR1_DNA1	2.13E+01	1.83E+01	1.60E+01	1.31E+01	2.21E+01	1.69E+01	1.24E+01	3.08E+00
EOC1067_pPerR1_DNA1	1.19E+01	7.66E+00	2.89E+00	9.34E+00	1.57E+01	8.96E+00	9.05E+00	4.40E+00
EOC1067_pTubL1_DNA1	1.92E+01	8.01E+00	4.11E+00	1.68E+01	2.29E+01	1.20E+01	1.30E+01	3.79E+00
EOC1091_pOme1_TR_DNA	2.23E+01	7.62E+00	4.79E+00	2.17E+01	3.70E+01	1.71E+01	2.15E+01	3.63E+00
EOC1091_pOvaR1_TR_DNA	1.28E+01	5.51E+00	2.99E+00	1.28E+01	2.11E+01	1.54E+01	1.72E+01	5.23E+00
EOC124_pOvaL1_TR_DNA1	3.24E+01	2.54E+01	1.41E+01	6.76E+00	1.64E+01	1.04E+01	1.38E+01	2.06E+00
EOC124_pOvaR1_TR	3.01E+01	3.03E+01	1.42E+01	8.24E+00	1.74E+01	9.50E+00	2.19E+01	2.89E+00
EOC133_pAsc1_DNA1	2.95E+01	3.16E+01	8.40E-01	1.26E+01	1.35E+01	9.95E+00	2.37E+01	3.52E+00
EOC133_pOme1_TR_DNA	2.54E+01	2.46E+01	8.09E-01	1.42E+01	1.40E+01	1.07E+01	1.81E+01	3.06E+00
EOC133_pOvaL1_DNA1	2.43E+01	2.82E+01	8.82E-01	1.22E+01	1.41E+01	8.57E+00	2.24E+01	3.28E+00
EOC148_pAdnL1_DNA1	8.79E+01	6.99E+01	4.77E+01	2.46E+01	3.26E+01	1.97E+01	3.49E+01	9.35E-01
EOC148_pAdnL3_DNA1	7.67E+01	5.87E+01	4.16E+01	2.36E+01	3.20E+01	2.06E+01	2.83E+01	7.07E-01
EOC148_pOvaL4_DNA1	5.11E+01	4.21E+01	3.06E+01	1.94E+01	1.91E+01	2.09E+01	2.31E+01	1.87E+00
EOC148_pOvaL5_DNA1	7.98E+01	6.29E+01	4.25E+01	2.15E+01	2.73E+01	2.05E+01	2.98E+01	7.19E-01
EOC192_iOme1B_DNA2	3.59E-01	1.78E+00	3.88E+00	1.53E+00	7.47E-01	4.08E+00	1.66E+00	3.40E+00
EOC192_iOme3A_DNA1	3.46E-01	1.53E+00	3.43E+00	1.59E+00	1.05E+00	4.80E+00	1.09E+00	3.14E+00
EOC192_iOvaR1A_DNA1	2.80E+00	3.82E+00	5.85E+00	4.59E-01	3.14E+00	3.35E+00	4.95E+00	4.15E+00
EOC192_pAsc1_DNA1	6.57E-01	2.70E+00	5.80E+00	4.33E-01	2.06E+00	5.84E+00	2.77E+00	3.95E+00
EOC192_pOme1A_TR_DNA1	1.44E+00	3.84E+00	6.29E+00	6.63E-01	2.68E+00	3.17E+00	4.10E+00	3.91E+00
EOC192_pOme2B_DNA2	2.06E+00	4.15E+00	6.23E+00	1.64E+00	3.12E+00	3.52E+00	4.33E+00	3.81E+00
EOC192_pOvaR1A_DNA1	2.42E+00	3.62E+00	5.62E+00	1.08E+00	1.75E+00	3.59E+00	4.20E+00	3.34E+00
EOC192_pOvaR1A_DNA3	2.03E+00	4.36E+00	6.06E+00	1.36E+00	1.30E+00	2.75E+00	4.29E+00	3.69E+00
EOC192_pPer1A_DNA2	4.31E+00	2.79E+00	5.50E+00	1.23E-01	8.11E+00	4.29E+00	6.75E+00	4.64E+00
EOC192_pPer2B_DNA1	2.33E+00	8.33E-01	5.57E+00	5.78E+00	6.80E+00	3.18E+00	7.80E+00	4.36E+00
EOC293_pAdnL1_DNA1	1.07E+01	1.88E+01	7.84E+01	1.57E+01	1.03E+00	7.53E+01	1.71E+01	1.25E+00
EOC293_pMes1_DNA2	7.09E+00	1.36E+00	7.87E+01	2.91E+01	1.69E+01	8.36E+01	2.05E+01	1.03E+00
EOC293_pOvaR1_DNA2	3.16E+00	1.25E+01	7.36E+01	1.99E+01	2.42E+00	7.26E+01	1.33E+01	1.42E+00
EOC372_iOme1_DNA1	3.28E+01	2.67E+01	2.04E+01	1.50E+01	1.85E+01	1.52E+01	1.48E+01	2.69E+00
EOC372_iPer1_DNA1	1.85E+01	1.19E+01	7.18E+00	1.64E+01	1.10E+01	1.56E+01	1.11E+01	3.50E+00
EOC372_pPer1_DNA1	2.19E+01	1.71E+01	1.07E+01	1.76E+01	1.46E+01	1.69E+01	1.25E+01	2.89E+00
EOC523_pOme1_DNA2	5.63E+00	1.06E+01	3.60E+00	8.57E+00	1.40E+01	5.89E+00	1.31E+01	4.09E+00
EOC523_pOvaR1_DNA2	2.83E+00	9.46E+00	2.32E+00	8.66E+00	1.05E+01	5.55E+00	1.03E+01	3.47E+00
EOC561_pPer1_DNA1	1.52E+01	1.73E+01	5.59E+01	1.03E+01	1.60E+01	5.04E+01	2.44E+01	3.01E+00
EOC561_pPer1_DNA1_bgiseq	2.34E+00	1.80E+01	5.44E+01	1.15E+01	2.61E+00	5.00E+01	1.47E+01	2.55E+00
EOC63_pOme1_DNA1	3.04E+02	2.26E+02	6.71E+01	4.90E+00	1.63E+02	3.18E+01	1.53E+02	0.00E+00
EOC63_pOvaR1_DNA1	3.15E+01	2.95E+01	1.42E+01	1.71E+01	2.36E+00	2.05E+01	1.41E+01	3.50E+00
EOC667_pMes1_DNA1	7.93E+01	5.24E+01	2.70E+01	4.00E+00	3.45E+01	1.15E+01	3.38E+01	2.48E+00
EOC667_pOme1_DNA2	5.59E+01	3.88E+01	2.52E+01	6.57E+00	1.32E+01	1.02E+01	1.94E+01	2.97E+00
EOC77_iOme1_DNA1	6.32E+00	1.30E+00	5.00E+00	5.02E+00	5.48E+00	4.91E+00	3.52E+00	3.49E+00
EOC77_iOme2_DNA1	7.69E+00	2.86E+00	6.89E+00	8.68E-01	1.20E+01	5.38E+00	1.06E+01	4.63E+00
EOC77_iPer1_DNA2	7.66E+00	6.90E+00	7.15E+00	7.72E-01	7.24E+00	5.41E+00	6.31E+00	3.94E+00
EOC77_pAsc1_DNA1	4.74E+00	2.34E+00	5.18E+00	2.01E+00	5.43E+00	4.09E+00	3.99E+00	4.42E+00
EOC77_pOme1_DNA3	4.21E+00	3.61E+00	6.89E+00	4.63E-01	5.43E+00	4.16E+00	6.75E+00	4.74E+00
EOC779_pOme1_DNA1	1.45E+01	1.76E+01	0.00E+00	8.17E+00	2.94E+00	7.93E+00	1.32E+01	3.60E+00
EOC779_pOvaL1_DNA1	4.73E+01	5.66E+01	2.84E+00	5.86E+00	1.19E+01	9.50E+00	4.13E+01	1.23E+00
EOC779_pPer1_DNA1	3.13E+01	3.79E+01	1.29E+00	9.04E+00	8.78E+00	8.50E+00	2.85E+01	2.60E+00
EOC863_pMes1_DNA1	1.69E+01	7.62E-01	7.55E-01	1.79E+01	2.53E+01	1.40E+01	1.25E+01	3.51E+00
EOC863_pOva1_DNA1	2.48E+01	7.67E+00	4.33E+00	2.34E+01	3.25E+01	1.55E+01	2.10E+01	3.07E+00
EOC879_p2Ome1_DNA1	2.05E+01	1.13E+01	1.10E+01	1.68E+01	3.10E+01	1.46E+01	1.75E+01	3.69E+00
EOC879_p2OvaL1_DNA1	4.96E+01	1.36E+00	2.79E+01	4.38E+01	5.89E+01	1.85E+01	1.32E+01	1.34E+00
EOC879_p2TubL1_DNA1	4.04E+01	2.00E-01	2.11E+01	3.64E+01	4.86E+01	2.03E+01	8.54E+00	1.78E+00
EOC914_iOme1_DNA1	3.81E+01	1.46E+01	8.01E+00	2.93E+01	4.04E+01	2.36E+01	1.98E+01	3.84E+00
EOC914_iOvaL1_DNA1	3.25E+01	1.17E+01	7.40E+00	2.95E+01	3.37E+01	2.33E+01	1.78E+01	4.17E+00
EOC914_iPer1_DNA1	3.13E+01	1.31E+01	6.21E+00	2.72E+01	3.71E+01	2.05E+01	1.71E+01	3.64E+00
EOC984_pOme1_DNA1	1.17E+01	9.56E+00	5.56E+00	3.70E-01	8.89E+00	3.22E+00	7.69E+00	3.28E+00
EOC984_pPer1_DNA1	1.19E+01	8.67E+00	5.41E+00	4.72E-01	8.03E+00	4.08E+00	5.45E+00	4.15E+00
