NMF_Replicate	L1	L1 %	L2	L2 %	KL Divergence	Correlation	Convergence Iterations
1	301.821	12.099	77.03	10.43	0.023	0.992	50000.0
2	293.998	12.043	74.507	10.248	0.024	0.992	40000.0
3	288.621	11.564	72.617	9.754	0.023	0.993	140000.0
4	284.778	11.358	70.702	9.461	0.022	0.993	110000.0
5	284.677	11.469	71.499	9.795	0.022	0.992	30000.0
6	289.63	11.692	73.607	9.94	0.023	0.992	150000.0
7	287.719	11.376	72.542	9.631	0.023	0.993	50000.0
8	289.885	11.373	73.386	9.616	0.022	0.993	80000.0
9	295.059	11.937	74.218	10.047	0.024	0.992	70000.0
10	289.857	11.614	72.193	9.693	0.024	0.993	80000.0
11	304.417	12.268	78.748	10.552	0.024	0.991	30000.0
12	306.527	12.119	77.315	10.244	0.025	0.992	90000.0
13	295.194	11.794	74.138	9.981	0.023	0.992	20000.0
14	303.57	12.096	75.644	10.158	0.024	0.992	60000.0
15	297.236	11.9	75.709	10.092	0.024	0.992	50000.0
16	299.039	12.022	73.971	10.11	0.024	0.992	20000.0
17	300.83	12.222	76.293	10.427	0.025	0.991	60000.0
18	278.336	11.199	69.029	9.321	0.024	0.993	50000.0
19	298.795	11.983	75.62	10.208	0.023	0.992	70000.0
20	300.942	12.061	75.523	10.151	0.024	0.992	40000.0
21	301.76	12.28	76.801	10.463	0.024	0.991	90000.0
22	291.141	11.479	73.161	9.675	0.022	0.993	50000.0
23	298.729	11.776	75.333	9.969	0.022	0.993	50000.0
24	291.825	11.726	71.958	9.782	0.024	0.993	60000.0
25	298.908	11.893	75.135	10.007	0.024	0.992	70000.0
26	312.655	12.392	79.691	10.513	0.025	0.992	50000.0
27	297.776	11.828	74.597	9.902	0.024	0.993	60000.0
28	289.375	11.678	73.231	10.018	0.023	0.992	30000.0
29	299.5	12.266	76.757	10.588	0.025	0.991	90000.0
30	293.591	11.727	74.641	9.895	0.023	0.993	40000.0
31	304.586	12.139	77.483	10.379	0.024	0.992	40000.0
32	290.33	11.741	71.875	9.801	0.024	0.993	70000.0
33	327.887	12.542	85.856	10.889	0.024	0.991	70000.0
34	289.726	11.906	72.729	10.098	0.025	0.992	70000.0
35	286.573	11.526	71.475	9.692	0.024	0.993	60000.0
36	287.461	11.609	73.041	9.93	0.023	0.992	60000.0
37	279.378	11.055	68.468	9.172	0.023	0.993	70000.0
38	297.403	12.041	75.605	10.331	0.024	0.992	50000.0
39	298.811	11.858	75.194	10.051	0.024	0.992	40000.0
40	295.71	11.936	73.829	10.025	0.023	0.992	80000.0
41	292.131	11.562	72.992	9.668	0.023	0.993	60000.0
42	282.659	11.385	70.818	9.592	0.024	0.993	40000.0
43	289.481	11.716	71.937	9.803	0.024	0.992	80000.0
44	291.331	11.64	72.495	9.771	0.023	0.993	60000.0
45	303.479	12.174	77.427	10.434	0.024	0.992	60000.0
46	306.484	12.036	76.909	10.139	0.023	0.992	80000.0
47	297.874	11.932	75.504	10.095	0.024	0.992	80000.0
48	302.116	11.953	75.958	10.222	0.024	0.992	60000.0
49	294.281	11.611	72.954	9.663	0.024	0.993	50000.0
50	277.209	11.193	69.313	9.301	0.023	0.993	30000.0
51	281.507	11.341	70.177	9.533	0.022	0.993	70000.0
52	306.695	12.084	77.778	10.309	0.023	0.992	70000.0
53	302.537	12.062	77.046	10.287	0.023	0.992	40000.0
54	316.957	12.657	80.405	10.81	0.024	0.991	70000.0
55	302.665	12.091	76.647	10.275	0.025	0.992	40000.0
56	284.746	11.429	70.496	9.562	0.024	0.993	100000.0
57	293.891	11.697	73.074	9.921	0.024	0.993	90000.0
58	294.182	11.822	73.851	9.984	0.024	0.992	110000.0
59	292.351	11.791	73.457	9.976	0.023	0.992	70000.0
60	289.027	11.571	71.539	9.696	0.024	0.993	30000.0
61	290.934	11.655	73.128	9.811	0.024	0.993	80000.0
62	288.204	11.579	71.634	9.785	0.023	0.993	40000.0
63	294.77	11.703	74.585	9.88	0.023	0.993	50000.0
64	294.523	11.582	73.587	9.631	0.023	0.993	70000.0
65	296.246	11.675	74.601	9.754	0.023	0.993	60000.0
66	299.126	11.987	76.341	10.284	0.024	0.992	40000.0
67	298.434	11.875	74.755	10.075	0.023	0.992	60000.0
68	303.029	12.229	76.38	10.383	0.024	0.992	60000.0
69	288.455	11.667	70.984	9.74	0.024	0.993	100000.0
70	291.916	11.528	72.522	9.553	0.024	0.993	70000.0
71	298.89	12.05	75.811	10.261	0.024	0.992	50000.0
72	291.487	11.498	72.048	9.606	0.023	0.993	80000.0
73	280.557	11.225	68.031	9.219	0.023	0.993	50000.0
74	292.158	11.774	73.79	10.0	0.023	0.992	40000.0
75	293.651	11.894	73.855	10.163	0.023	0.992	40000.0
76	299.806	12.125	75.681	10.247	0.026	0.992	60000.0
77	297.49	11.982	74.446	10.033	0.024	0.993	50000.0
78	290.712	11.749	71.897	9.878	0.023	0.993	60000.0
79	285.795	11.538	70.696	9.608	0.024	0.993	60000.0
80	302.057	12.175	75.807	10.242	0.024	0.992	40000.0
81	301.493	12.046	75.163	10.041	0.023	0.992	60000.0
82	285.637	11.35	72.155	9.652	0.022	0.993	50000.0
83	292.442	11.665	74.089	9.926	0.023	0.993	50000.0
84	294.615	11.751	73.607	9.745	0.024	0.993	80000.0
85	287.645	11.654	71.607	9.781	0.024	0.993	30000.0
86	307.97	12.005	78.154	10.204	0.023	0.992	90000.0
87	300.613	12.036	75.221	10.115	0.023	0.992	50000.0
88	293.703	11.663	73.02	9.804	0.023	0.993	90000.0
89	307.62	12.112	78.638	10.44	0.023	0.992	50000.0
90	295.622	12.04	75.465	10.34	0.024	0.992	40000.0
91	291.316	11.796	72.993	9.918	0.023	0.993	60000.0
92	284.934	11.565	70.835	9.577	0.024	0.993	60000.0
93	311.624	12.307	77.938	10.348	0.025	0.992	70000.0
94	298.579	11.968	73.959	10.041	0.024	0.992	110000.0
95	292.511	11.987	74.739	10.318	0.024	0.991	90000.0
96	287.603	11.68	70.669	9.885	0.024	0.992	100000.0
97	291.908	11.681	73.56	9.91	0.023	0.992	40000.0
98	306.082	11.965	77.349	10.126	0.023	0.992	80000.0
99	303.479	11.901	78.068	10.301	0.023	0.992	40000.0
100	294.918	11.836	74.433	9.938	0.023	0.992	90000.0
