Samples	CH43A	CH43B	CH43C	CH43D	CH43E	CH43F	CH43G	CH43H	CH43I	CH43J	CH43K	CH43L	CH43M
EOC1003_p2OvaL1_TR_DNA	2.40E+01	9.88E+00	1.21E+01	1.67E+01	3.94E+00	2.36E+00	3.17E+00	1.53E+01	8.80E+00	1.07E+01	3.81E+00	1.08E+01	5.46E+00
EOC1003_p2OvaR1_DNA1	1.36E+01	1.26E+01	9.02E+00	5.91E+00	2.97E+00	7.77E-01	3.06E+00	9.75E+00	8.10E+00	8.69E+00	3.89E+00	6.70E+00	2.69E+00
EOC1022_pOme1_DNA1	2.76E+00	7.61E+00	4.51E-01	3.78E-01	1.99E+00	3.05E+00	1.46E+00	3.54E+00	1.60E-01	7.82E-01	3.11E+00	7.87E+00	2.04E+00
EOC1022_pPer1_DNA1	1.06E+01	6.74E+00	3.99E+00	6.79E+00	4.67E+00	8.97E+00	3.78E+00	2.17E+00	2.22E+00	2.87E+00	3.85E+00	1.27E+01	2.03E+00
EOC1067_pOme1_DNA3	1.88E+01	6.96E+00	9.15E+00	1.47E+01	2.80E+00	3.21E+00	3.44E+00	1.11E+01	6.32E+00	2.95E+00	4.00E+00	9.59E+00	2.70E+00
EOC1067_pOvaR1_DNA1	2.64E+01	4.14E+00	1.45E+01	2.05E+01	4.86E+00	1.76E+01	6.64E+00	1.71E+01	1.03E+01	7.43E+00	3.22E+00	2.28E+01	2.84E+00
EOC1067_pPerR1_DNA1	1.51E+01	6.72E+00	4.21E+00	1.23E+01	2.67E+00	2.67E+00	2.76E+00	1.00E+01	6.24E+00	5.47E+00	4.10E+00	7.98E+00	3.29E+00
EOC1067_pTubL1_DNA1	2.11E+01	9.02E+00	6.66E+00	1.56E+01	1.92E+00	2.87E+00	3.82E+00	1.73E+01	7.40E+00	9.65E+00	4.11E+00	1.29E+01	5.22E+00
EOC1091_pOme1_TR_DNA	2.10E+01	2.02E+01	9.07E+00	1.45E+01	4.32E+00	1.57E+00	5.70E+00	2.19E+01	7.87E+00	8.39E+00	3.87E+00	1.43E+01	8.72E+00
EOC1091_pOvaR1_TR_DNA	1.67E+01	7.77E+00	1.26E+01	1.48E+01	2.93E+00	3.91E+00	4.91E+00	1.38E+01	9.29E+00	1.59E+01	4.35E+00	6.99E+00	1.25E+01
EOC124_pOvaL1_TR_DNA1	4.85E+01	1.02E+01	3.23E+01	3.11E+01	2.39E+01	1.65E+01	1.91E+01	1.09E+01	8.20E+00	7.34E+00	1.78E+00	2.84E+01	5.57E+00
EOC124_pOvaR1_TR	1.80E+01	1.57E+01	1.80E+01	2.67E+01	2.14E+01	1.12E+01	1.41E+01	4.75E+00	7.41E+00	1.09E+01	1.85E+00	1.91E+01	3.73E+00
EOC133_pAsc1_DNA1	1.36E+01	1.02E+01	2.89E+01	3.65E+01	3.46E+01	4.09E+00	1.63E+01	8.54E+00	5.82E+00	9.08E+00	2.14E+00	4.53E+00	3.07E+00
EOC133_pOme1_TR_DNA	1.34E+01	1.10E+01	2.22E+01	3.03E+01	2.89E+01	5.18E+00	1.42E+01	7.95E+00	6.01E+00	9.00E+00	2.46E+00	3.44E+00	3.26E+00
EOC133_pOvaL1_DNA1	1.88E+01	9.23E+00	2.78E+01	3.29E+01	3.10E+01	4.63E+00	1.68E+01	7.85E+00	4.98E+00	7.79E+00	2.41E+00	4.28E+00	2.18E+00
EOC148_pAdnL1_DNA1	7.53E+01	4.14E+01	5.48E+01	2.98E+01	3.13E+01	9.83E+00	4.29E+01	2.62E+01	1.46E+01	2.07E+01	1.01E+00	4.11E+01	6.76E+00
EOC148_pAdnL3_DNA1	7.64E+01	4.07E+01	5.37E+01	2.93E+01	2.75E+01	8.49E+00	4.29E+01	2.72E+01	1.66E+01	1.63E+01	3.44E-01	4.08E+01	7.78E+00
EOC148_pOvaL4_DNA1	3.65E+01	3.06E+01	2.45E+01	1.80E+01	1.57E+01	8.26E+00	2.92E+01	1.68E+01	1.38E+01	9.60E+00	1.56E+00	2.93E+01	3.85E+00
EOC148_pOvaL5_DNA1	6.96E+01	3.35E+01	4.77E+01	3.13E+01	2.46E+01	1.02E+01	3.98E+01	1.91E+01	1.50E+01	1.45E+01	6.32E-01	3.34E+01	5.39E+00
EOC192_iOme1B_DNA2	2.03E+00	1.40E+00	1.58E+00	1.18E+00	6.05E-01	2.68E+00	2.10E-01	1.91E-01	4.23E+00	3.04E+00	3.53E+00	4.38E-01	9.84E-01
EOC192_iOme3A_DNA1	2.01E+00	1.32E+00	7.73E-01	2.23E+00	7.14E-01	2.28E+00	7.00E-02	6.19E-01	4.33E+00	3.23E+00	3.32E+00	5.69E-01	1.23E+00
EOC192_iOvaR1A_DNA1	5.74E+00	8.72E-01	4.57E+00	5.59E+00	1.41E+00	6.04E+00	1.39E+00	1.38E+00	1.70E+00	4.26E+00	3.51E+00	3.40E+00	2.67E+00
EOC192_pAsc1_DNA1	3.39E+00	1.09E-01	2.15E+00	3.88E+00	9.70E-01	3.98E+00	0.00E+00	5.63E-01	4.75E+00	4.23E+00	4.30E+00	1.25E+00	1.69E+00
EOC192_pOme1A_TR_DNA1	6.87E+00	9.00E-01	3.72E+00	5.07E+00	1.39E+00	7.44E+00	4.44E-01	1.15E+00	1.52E+00	3.91E+00	3.72E+00	4.75E+00	2.73E+00
EOC192_pOme2B_DNA2	6.66E+00	1.78E+00	3.55E+00	5.19E+00	1.38E+00	6.79E+00	5.24E-01	1.42E+00	1.21E+00	4.40E+00	4.24E+00	4.79E+00	2.60E+00
EOC192_pOvaR1A_DNA1	5.33E+00	1.32E+00	3.50E+00	4.87E+00	1.18E+00	5.63E+00	1.48E+00	6.95E-01	2.15E+00	3.65E+00	3.98E+00	3.11E+00	2.38E+00
EOC192_pOvaR1A_DNA3	6.66E+00	1.74E+00	3.99E+00	5.54E+00	1.75E+00	6.58E+00	1.58E+00	8.29E-01	1.07E+00	3.20E+00	3.41E+00	3.30E+00	2.32E+00
EOC192_pPer1A_DNA2	5.85E+00	5.34E-01	4.71E+00	5.86E+00	1.53E+00	5.67E+00	1.46E+00	9.35E-01	2.60E+00	4.98E+00	3.81E+00	3.71E+00	4.12E+00
EOC192_pPer2B_DNA1	6.29E+00	8.07E+00	3.91E+00	1.93E+00	2.02E+00	6.24E+00	1.59E+00	6.92E+00	1.22E+00	3.76E+00	3.91E+00	7.15E+00	5.05E+00
EOC293_pAdnL1_DNA1	9.99E+01	1.79E+01	1.34E+01	1.90E+01	4.11E+00	8.02E+01	5.43E+00	2.06E+01	3.71E+01	3.73E+00	1.12E+00	3.73E+01	5.44E+00
EOC293_pMes1_DNA2	8.63E+01	1.98E+01	7.13E+00	5.25E+00	2.91E+00	6.81E+01	3.94E+00	2.04E+01	5.75E+01	1.82E+01	7.25E-01	2.44E+01	5.98E+00
EOC293_pOvaR1_DNA2	8.24E+01	1.64E+01	9.23E+00	1.49E+01	3.91E+00	5.96E+01	3.01E+00	1.78E+01	4.73E+01	6.96E+00	1.18E+00	2.58E+01	3.76E+00
EOC372_iOme1_DNA1	2.21E+01	1.89E+01	1.50E+01	1.95E+01	1.18E+01	8.28E+00	2.33E+01	1.06E+01	9.76E+00	9.99E+00	1.81E+00	1.78E+01	4.48E+00
EOC372_iPer1_DNA1	4.94E+00	2.06E+01	4.49E+00	9.84E+00	6.69E+00	3.56E+00	1.12E+01	1.60E+01	8.09E+00	5.06E+00	3.03E+00	8.77E+00	4.71E+00
EOC372_pPer1_DNA1	1.01E+01	1.96E+01	7.01E+00	1.21E+01	8.14E+00	6.57E+00	1.48E+01	1.50E+01	1.07E+01	8.89E+00	2.37E+00	9.83E+00	4.00E+00
EOC523_pOme1_DNA2	9.38E+00	1.11E+01	1.69E+01	7.60E+00	1.40E+00	1.73E+00	1.27E+00	5.39E+00	4.30E+00	1.49E+01	4.52E+00	5.71E+00	5.49E+00
EOC523_pOvaR1_DNA2	8.08E+00	1.23E+01	1.84E+01	6.15E+00	5.33E-01	1.13E+00	4.40E-01	7.71E+00	2.67E+00	1.45E+01	3.98E+00	3.83E+00	5.00E+00
EOC561_pPer1_DNA1	6.11E+01	1.66E+01	1.75E+01	2.54E+01	6.03E+00	6.15E+01	4.57E+00	8.09E+00	1.40E+01	1.68E+01	1.32E+00	3.22E+01	9.46E+00
EOC561_pPer1_DNA1_bgiseq	5.49E+01	1.25E+01	1.63E+01	2.28E+01	5.64E+00	4.84E+01	2.21E+00	9.90E+00	2.30E+01	9.46E+00	1.60E+00	2.31E+01	6.76E+00
EOC63_pOme1_DNA1	1.50E+02	6.80E+00	1.65E+02	9.32E+01	1.26E+02	3.21E+01	7.34E+01	1.58E+01	1.58E+01	1.10E+02	0.00E+00	7.80E+01	6.93E+00
EOC63_pOvaR1_DNA1	1.27E+01	4.21E+01	3.07E+00	1.43E+01	1.35E+01	1.51E+01	1.47E+01	3.75E+01	1.30E+01	7.43E+00	2.42E+00	2.09E+01	4.45E-02
EOC667_pMes1_DNA1	6.10E+01	4.57E+00	3.62E+01	3.50E+01	2.07E+01	2.00E+01	3.90E+01	7.86E+00	5.55E+00	1.81E+01	1.78E+00	2.20E+01	9.68E-01
EOC667_pOme1_DNA2	6.17E+01	6.80E+00	3.70E+01	4.13E+01	1.96E+01	1.97E+01	3.88E+01	9.55E+00	5.89E+00	1.17E+01	2.06E+00	2.26E+01	8.44E-01
EOC77_iOme1_DNA1	1.01E+01	7.44E+00	3.20E+00	5.51E+00	9.12E-01	7.45E+00	3.05E+00	5.56E+00	3.82E+00	4.95E+00	4.32E+00	1.08E+01	4.77E-01
EOC77_iOme2_DNA1	1.11E+01	1.27E+00	7.20E+00	8.35E+00	8.54E-01	1.04E+01	2.16E+00	0.00E+00	3.12E+00	7.67E+00	4.49E+00	1.05E+01	1.00E-01
EOC77_iPer1_DNA2	1.10E+01	1.86E+00	6.42E+00	1.08E+01	2.12E+00	1.19E+01	4.15E+00	1.18E+00	3.64E+00	5.95E+00	4.43E+00	1.12E+01	1.84E+00
EOC77_pAsc1_DNA1	8.66E+00	2.35E+00	3.08E+00	5.72E+00	1.25E+00	7.37E+00	3.05E+00	8.14E-01	3.16E+00	4.59E+00	4.31E+00	8.25E+00	2.64E+00
EOC77_pOme1_DNA3	1.22E+01	7.63E-01	5.63E+00	7.29E+00	1.52E+00	1.21E+01	3.09E+00	8.52E-01	2.76E+00	5.24E+00	4.39E+00	1.04E+01	5.63E+00
EOC779_pOme1_DNA1	8.72E+00	8.60E+00	1.62E+01	2.24E+01	2.01E+01	4.08E+00	8.83E+00	4.32E+00	6.64E+00	7.25E+00	3.18E+00	2.84E+00	1.25E+00
EOC779_pOvaL1_DNA1	3.65E+01	9.39E+00	5.85E+01	6.61E+01	6.06E+01	5.25E+00	3.27E+01	5.57E+00	6.83E+00	7.38E+00	4.97E-01	7.03E+00	9.67E-01
EOC779_pPer1_DNA1	2.36E+01	1.02E+01	3.97E+01	4.85E+01	4.30E+01	5.51E+00	2.08E+01	3.64E+00	6.34E+00	6.40E+00	1.56E+00	4.32E+00	1.20E+00
EOC863_pMes1_DNA1	1.02E+01	1.90E+01	8.58E+00	4.87E+00	1.25E+00	1.37E+00	2.06E+00	1.57E+01	9.46E+00	8.10E+00	4.80E+00	1.18E+00	2.91E+00
EOC863_pOva1_DNA1	3.24E+01	1.52E+01	1.61E+01	1.66E+01	4.25E+00	1.78E+00	4.82E+00	2.32E+01	9.83E+00	1.23E+01	3.85E+00	8.22E+00	4.19E+00
EOC879_p2Ome1_DNA1	1.91E+01	1.08E+01	1.01E+01	1.56E+01	2.64E+00	1.20E+01	3.77E+00	1.47E+01	8.89E+00	7.49E+00	3.04E+00	1.39E+01	7.46E+00
EOC879_p2OvaL1_DNA1	6.41E+01	4.66E+01	1.30E+01	8.49E+00	3.21E+00	3.12E+01	1.46E+01	3.99E+01	1.37E+01	9.85E+00	1.37E+00	6.64E+01	4.60E+00
EOC879_p2TubL1_DNA1	5.17E+01	3.99E+01	9.81E+00	9.30E+00	2.26E+00	2.96E+01	1.28E+01	3.16E+01	1.14E+01	1.05E+01	1.62E+00	5.83E+01	2.53E+00
EOC914_iOme1_DNA1	4.18E+01	1.14E+01	1.28E+01	2.22E+01	5.35E+00	2.96E+00	6.48E+00	3.12E+01	1.63E+01	1.31E+01	3.19E+00	3.28E+01	6.31E+00
EOC914_iOvaL1_DNA1	3.73E+01	1.28E+01	8.18E+00	1.95E+01	4.50E+00	5.36E+00	5.50E+00	2.75E+01	1.33E+01	1.38E+01	3.27E+00	3.02E+01	5.66E+00
EOC914_iPer1_DNA1	3.17E+01	1.28E+01	8.65E+00	1.81E+01	4.19E+00	4.03E+00	6.26E+00	2.27E+01	1.36E+01	1.08E+01	3.33E+00	2.71E+01	4.63E+00
EOC984_pOme1_DNA1	8.13E+00	5.38E-01	7.79E+00	9.15E+00	8.23E+00	2.43E+00	4.53E+00	4.10E-01	2.39E+00	6.23E+00	4.37E+00	7.75E+00	4.77E-01
EOC984_pPer1_DNA1	7.31E+00	4.56E-01	7.46E+00	8.98E+00	7.82E+00	1.88E+00	4.16E+00	9.41E-01	3.22E+00	5.00E+00	4.22E+00	6.93E+00	5.50E-01
