MutationType	CH43A	CH43B	CH43C	CH43D	CH43E	CH43F	CH43G	CH43H	CH43I
74.0	0.10559090080205351	0.12161473579704761	0.05439766728319228	0.12047310903668404	0.03099222711462062	0.010138494206767063	0.004417213760225432	0.08036822035443038	0.022111065465724097
133.0	0.005373727605910996	0.003342597261071205	0.03563331193756312	0.004173944697249693	0.03521494065411389	0.18195441998541356	0.0011023697577184066	0.03456787005066872	0.023349241913529113
83.0	0.016092529465677217	0.010749363672221079	0.01864476197399199	0.02645229345187545	0.04279909947887063	0.005521185749676079	0.01838040619419189	0.0010880328382154403	0.009614944977220147
201.0	0.10619180023670197	0.124375129789114	0.09205891087651252	0.11770090501755476	0.07367012795060873	0.04044294710503891	0.14880770415067673	0.10478426296263933	0.041228791251778606
48.0	0.00813107350433711	0.0016220767705838563	0.004461121788190243	0.0010809920336809296	0.007858141023025383	0.0025979961807024664	0.038554995346348736	0.0028076191060245038	0.009084122542990371
32.0	0.0015553797532629687	0.001638533515360905	0.0016001341734954622	9.73446996815236e-05	0.00985638767371711	0.0073124022842966955	0.04230396679486148	0.0030192947131581606	0.016718285654787904
11.0	0.052622636895393954	0.0	0.007907203269862002	0.04451429002918303	0.0	0.0003185585953633563	0.001272944630763959	0.02789844287908636	0.0012706019124944135
7.0	0.029598651654087007	0.00036313159037194815	0.004840224455692805	0.00720375905062518	0.0031279946937866044	6.986496973695466e-05	0.0004371237099985592	0.013798983816086548	0.0023566487801144832
4.0	0.011257003075734247	0.0010663264548929875	0.0029363687696240958	0.0030734788747213315	0.012030497728846967	7.467708446711186e-05	0.0009754000994871603	0.010069846494409375	3.375698361196555e-05
10.0	0.0016818141666590236	0.0026306025669055088	0.0022776017516298454	0.0024391673889476804	0.0177949929330498	1.008286140859127e-05	0.004071349919395288	0.0048408920087967995	0.004222735453700856
4.0	0.0008437600112847577	0.0012469456327380613	0.00020954402803909035	0.0021402560418937355	0.001450507202243898	0.0012194386929149914	0.0006028242828142539	0.0012878131940669846	0.0008524462984132697
3.0	0.00037613880198478	0.001358957900556561	0.0009355831531809145	0.0018076127138920129	0.0002789565560306073	1.5430441962962504e-05	0.002591044771979796	0.000712436222620454	0.002697038348997012
7.0	0.0	0.0038908211086527444	0.008791461548135829	0.06124697472900152	0.003254733115318231	5.74856368915988e-05	2.4490938521921634e-05	0.0011407442979952975	7.475043446447672e-09
4.0	0.0	0.07643247094005347	0.0025604948795899607	0.00023725938197458163	0.00017877688442240468	0.002601094637066126	3.110904304776341e-05	0.007322212400322314	0.012591389527729006
4.0	0.0005968238035870855	0.02259603082202375	0.0014938411618376079	0.001073184092347219	0.0	0.023249286089558154	0.0004349650840824637	5.653784784954041e-05	1.7756765009835362e-06
2.0	0.0003819744761676702	0.0002627491395469406	0.00023947886486148207	0.0003233039916813141	0.0005419943463493837	0.00011905130397025233	5.142092115212549e-05	0.0004964314891728349	1.5828701443139082e-05
0.0	0.0007752721173892496	0.0008028250151255634	5.635014002230321e-05	0.00044721477086568485	0.0005531787707332114	1.829676879424369e-05	0.000344909807889735	0.0003201076819275972	9.32856019527506e-05
0.0	0.001824019662453793	0.00032049527466938344	0.00038825297274794226	0.0010209360280714463	9.422143193660304e-07	3.187651684299908e-06	0.0007726418849779293	0.0005951080981321865	0.00027280887919914673
10.0	0.0030893592955544592	0.0003049631081194093	0.005327331217704341	0.0022881131491158157	0.0040744136099237944	0.00018896207843438262	0.000666440783534199	0.00038646974018774927	0.003248906572116539
34.0	0.0006056189179071225	2.1987113850627793e-05	2.2242017439566554e-06	0.004547748094773851	0.008731238138861954	3.863410423427638e-05	0.0006075359453097917	0.0006510065206001059	0.0032833280437625945
1.13282575928935	0.0005403166709584184	0.00016999671310259147	0.0002789226511800449	0.00017193183563904313	0.0002626883294487925	0.00024101769831936793	0.0001338306476282014	4.6495956068434756e-05	0.0030102071119472384
1.70029802282402	0.0003375197983041289	0.0001880599619129697	0.00030016341266673406	0.00013363690241021686	0.0004676029570509854	0.0003086609404044793	0.000536552834964823	0.00013248838969957434	0.0032343323656823485
0.0	0.004695695076370612	0.0008152247325494244	6.934039371095935e-05	0.0005254317664730479	0.0002081661914341737	0.0001976876531394467	0.00019530828200352345	0.0005918375287243194	7.604030215304647e-06
139.0	0.10622389300448504	0.002068697088485031	0.06416263470426202	0.04696819766623427	0.006711796357049556	0.005192585595717157	0.16716797985136508	0.05685175927297678	0.0010633314237929882
210.0	0.013795903591110832	0.10490411654114723	0.0634769668057561	0.09218250129371881	0.14552173644304275	0.05663381695747376	0.041909395749680695	0.10464364275336266	0.007730819554146866
343.0	0.14939374834299088	0.15501529067754746	0.11643836546689272	0.11967127189040185	0.1291554183140397	0.1972992652654648	0.05378695720806718	0.06356042195111514	0.2210159756243229
29.0	0.000259019697587064	0.0003996217001829905	0.0014885450844303704	9.586720268373484e-05	0.0009258736532258505	0.0005103609320576652	0.0011073507231050448	0.000606198304976715	0.1379056020081043
70.0	0.01748701955191791	0.0018486936920636466	0.006914836906667006	0.00012508976273238658	0.015916560874320567	0.006014663812238723	0.003680731284555098	0.0004489314851161907	0.15756225131452084
28.0	0.0270886212028563	0.013249051487073303	0.018051933376118542	0.00706868311506696	0.011592083261348307	0.01222244939301163	0.0025104700595875327	0.000856547377479772	0.004716583819832585
3.0	0.0014538456287118606	0.004313200683391187	0.0008496927250962471	0.009043798758648336	0.004318728670477867	0.007111713161575608	0.0013087324839943903	0.0012521300735333796	0.0
3.0	5.52283075159643e-06	4.375450934901437e-10	6.421835753782857e-05	0.00047940774565205404	0.0005681004758662312	2.3996561093753142e-09	0.0006301518417914664	0.001603023401840673	2.7191917251201403e-09
407.0	0.028258981845969876	0.0654769517108798	0.17234780222177506	0.05885478517273441	0.14632562639191746	0.14585482962429525	0.1352125398814678	0.22733717292547226	0.042280961484648286
34.0	0.012634554079268128	0.016813034424558282	0.010527722213882953	0.02424472860060632	0.016389383664354683	0.015617816641461104	0.017210613526403903	0.006597716837713961	0.004706703054980607
4.0	0.011155446407501586	0.009083131968509406	0.0	0.003973806249268819	0.001258374036042369	0.0031688697068602777	0.007457083852495998	0.0011534992616361705	1.5545019493856672e-09
9.0	0.0011443154433800372	0.0008992612571455538	0.0009082475604944929	0.00037722984252799006	0.0003742298066936446	0.0005993483333077165	0.0013152990438538837	0.00023716963889000909	0.03152179794386029
13.0	0.0005289963468672604	0.00011099875395967018	0.000256803109315058	9.960019342649674e-06	0.0012435530533548593	0.00018504628912898723	9.861431452748093e-05	5.533833139857336e-05	0.0538734557852149
18.0	0.0097241141484119	0.0008353232408262557	0.005159202509972278	0.0003501332705798177	0.005094903146382853	0.0035072341409977527	0.002533358019560321	0.0001975027389573434	0.020484020579606296
6.0	0.003940165374078788	0.0036779471318004655	0.0027280835491546897	0.0052845862461254	0.004812405011616647	0.004952647340251133	0.000759206465081661	0.0008775176212729846	0.0
172.0	0.022931575803086163	0.014881275511579589	0.0018743514555805995	0.00868784351421551	0.01451710143359378	0.028529272761661558	0.050823951372837545	0.17344706729054452	0.04956463186070323
330.0	0.22619483571736013	0.20646885924041272	0.0	0.18948555920273066	0.1308886954188347	0.1808500224351883	0.2328616525232792	0.05742642279214939	0.10655216984450817
106.0	0.01548829441308044	0.024071112509118392	0.23322473213076592	0.029899739164393396	0.05688659694045782	0.04892603041080292	0.008416415202664212	0.004624312984524295	0.0
63.0	0.00012909797635280392	6.940368555660825e-05	0.05368428833782673	2.3906859787530266e-05	0.04234526449348777	0.006120115280500613	0.00387173205439467	0.0011097552369028563	0.0017225097915780907
17.0	2.122489377143211e-08	6.216703170025539e-09	0.0024312876690588325	2.0821227453282633e-09	0.011805967716500164	5.049478896808069e-06	2.1217743672594656e-05	0.0001307049767572721	2.112918071617287e-08
