MutationType	CH43A	CH43B	CH43C	CH43D	CH43E	CH43F	CH43G	CH43H	CH43I	CH43J
7.40E+01	1.20E-03	1.66E-03	1.88E-03	2.94E-03	2.30E-03	5.91E-03	1.94E-03	2.44E-03	1.10E-03	4.03E-03
1.33E+02	4.72E-04	5.17E-04	1.77E-03	6.78E-04	1.64E-03	7.92E-04	4.53E-03	4.05E-03	1.35E-03	1.91E-03
8.30E+01	6.91E-04	4.50E-04	1.12E-03	5.35E-04	5.50E-04	7.00E-04	3.70E-04	7.23E-04	4.43E-04	1.75E-03
2.01E+02	1.94E-03	1.20E-03	1.93E-03	1.89E-03	2.56E-03	4.81E-03	2.12E-03	3.66E-03	1.18E-03	3.78E-03
4.80E+01	2.10E-03	1.92E-04	4.95E-04	1.75E-04	2.72E-04	3.67E-04	2.58E-04	8.70E-04	4.76E-04	4.60E-03
3.20E+01	2.91E-03	2.13E-04	6.30E-04	6.73E-05	1.09E-04	2.11E-05	3.75E-04	1.35E-03	8.03E-04	6.37E-03
1.10E+01	1.09E-04	6.78E-05	0.00E+00	1.55E-03	8.82E-04	3.30E-03	3.77E-05	7.48E-04	1.75E-04	1.31E-03
7.00E+00	1.43E-04	6.78E-05	1.54E-04	6.90E-04	3.97E-04	1.74E-03	2.20E-05	3.00E-04	1.45E-04	6.84E-04
4.00E+00	2.13E-04	5.60E-04	3.59E-04	2.63E-04	1.79E-04	6.11E-04	3.69E-05	3.23E-04	2.93E-05	3.36E-04
1.00E+01	2.72E-04	8.84E-04	4.51E-04	2.04E-04	1.78E-04	1.17E-04	4.93E-06	4.05E-04	2.87E-04	4.80E-04
4.00E+00	6.68E-05	6.75E-05	7.67E-05	7.33E-05	3.82E-05	7.26E-05	7.61E-05	1.28E-04	6.84E-05	1.35E-04
3.00E+00	1.59E-04	9.57E-05	5.09E-05	8.62E-05	7.26E-05	2.49E-05	6.25E-06	9.12E-05	9.66E-05	2.11E-04
7.00E+00	1.70E-05	6.22E-04	3.51E-04	1.36E-03	4.89E-04	0.00E+00	3.59E-05	2.35E-04	1.58E-09	2.88E-04
4.00E+00	4.74E-04	1.26E-03	8.78E-04	1.09E-04	1.60E-04	0.00E+00	1.11E-03	9.80E-04	7.21E-04	2.13E-03
4.00E+00	3.54E-04	1.17E-03	0.00E+00	1.85E-04	3.17E-04	6.31E-05	9.99E-04	4.90E-05	5.18E-05	1.34E-03
2.00E+00	2.79E-05	2.72E-05	2.71E-05	3.08E-05	2.52E-05	4.54E-05	1.91E-05	4.14E-05	5.74E-06	2.43E-05
0.00E+00	5.82E-05	4.29E-05	3.20E-05	3.30E-05	1.30E-05	4.44E-05	1.18E-05	4.13E-05	1.65E-05	6.27E-05
0.00E+00	5.97E-05	3.37E-05	8.22E-06	5.44E-05	2.85E-05	8.18E-05	5.11E-06	3.79E-05	3.23E-05	7.11E-05
1.00E+01	1.03E-04	6.20E-05	1.29E-04	1.12E-04	1.62E-04	2.13E-04	1.40E-05	5.72E-05	1.22E-04	3.98E-04
3.40E+01	2.81E-04	7.49E-06	2.97E-04	2.17E-04	0.00E+00	9.97E-05	4.95E-06	1.66E-04	1.03E-04	2.89E-04
1.13E+00	2.61E-05	2.73E-05	2.34E-05	2.27E-05	3.08E-05	3.95E-05	2.33E-05	1.78E-05	7.80E-05	7.49E-05
1.70E+00	5.48E-05	1.91E-05	3.17E-05	2.20E-05	2.69E-05	2.65E-05	2.74E-05	3.16E-05	9.04E-05	8.80E-05
0.00E+00	1.34E-04	4.69E-05	1.99E-05	5.88E-05	4.16E-05	2.13E-04	3.11E-05	1.22E-05	6.67E-06	1.77E-04
1.39E+02	3.20E-03	5.54E-04	1.54E-03	2.92E-03	3.12E-03	6.01E-03	8.02E-04	5.17E-03	2.86E-04	2.86E-03
2.10E+02	1.76E-03	2.37E-03	1.58E-03	1.84E-03	1.82E-03	1.69E-03	1.30E-03	3.20E-03	6.03E-04	4.14E-03
3.43E+02	2.90E-03	2.85E-03	2.77E-03	2.39E-03	4.14E-03	6.05E-03	1.88E-03	3.67E-03	1.32E-03	5.53E-03
2.90E+01	1.84E-04	9.16E-05	2.22E-04	5.07E-05	1.16E-04	3.47E-05	5.66E-05	5.47E-05	1.33E-03	3.66E-04
7.00E+01	7.61E-04	3.37E-04	8.80E-04	2.79E-04	8.65E-04	1.12E-03	3.09E-04	3.13E-04	9.93E-04	2.33E-03
2.80E+01	9.59E-04	5.16E-04	6.02E-04	6.73E-04	9.24E-04	1.60E-03	3.99E-04	2.19E-04	2.22E-04	2.03E-03
3.00E+00	1.79E-04	2.39E-04	1.91E-04	1.98E-04	8.33E-05	1.46E-04	2.78E-04	1.30E-04	0.00E+00	2.64E-04
3.00E+00	5.28E-05	8.11E-06	4.00E-05	3.94E-05	2.04E-05	1.83E-05	2.81E-10	1.14E-04	5.59E-10	3.29E-05
4.07E+02	4.38E-03	2.26E-03	2.57E-03	1.81E-03	2.62E-03	2.79E-03	2.81E-03	5.10E-03	1.96E-03	4.57E-03
3.40E+01	3.98E-04	4.01E-04	2.97E-04	3.07E-04	2.74E-04	4.81E-04	3.34E-04	5.49E-04	2.62E-04	6.84E-04
4.00E+00	5.65E-04	3.12E-04	1.32E-04	2.47E-04	0.00E+00	4.83E-04	2.92E-04	2.41E-04	0.00E+00	5.26E-04
9.00E+00	1.18E-04	6.42E-05	6.56E-05	4.64E-05	6.57E-05	6.94E-05	6.00E-05	4.75E-05	3.40E-04	1.94E-04
1.30E+01	4.20E-05	3.64E-05	1.28E-04	1.75E-05	6.31E-05	4.62E-05	2.82E-05	1.46E-05	5.10E-04	2.67E-04
1.80E+01	3.83E-04	1.60E-04	2.87E-04	1.59E-04	4.37E-04	6.43E-04	1.64E-04	1.12E-04	3.19E-04	1.03E-03
6.00E+00	1.41E-04	1.92E-04	1.21E-04	1.23E-04	1.18E-04	1.78E-04	2.52E-04	6.96E-05	0.00E+00	2.41E-04
1.72E+02	2.98E-03	1.93E-03	1.31E-03	9.74E-04	5.86E-04	2.32E-03	1.99E-03	5.40E-03	1.43E-03	3.04E-03
3.30E+02	6.97E-03	4.63E-03	4.29E-03	4.84E-03	0.00E+00	9.67E-03	3.49E-03	7.05E-03	2.46E-03	8.51E-03
1.06E+02	1.39E-03	1.48E-03	3.83E-03	1.35E-03	2.10E-03	1.02E-03	1.72E-03	7.17E-04	1.40E-47	1.55E-03
6.30E+01	3.12E-04	1.80E-04	1.05E-03	1.45E-05	8.75E-04	3.85E-05	3.69E-04	6.00E-04	1.84E-04	8.71E-04
1.70E+01	1.03E-05	8.56E-05	3.15E-04	9.48E-10	1.59E-04	2.82E-10	1.73E-06	1.70E-04	3.24E-09	2.92E-04
