MutationType	CH43A	CH43B	CH43C	CH43D	CH43E	CH43F	CH43G	CH43H	CH43I	CH43J
74.0	0.007381439776097568	0.13191360108554362	0.03745085742324591	0.13767144471406936	0.037577666682191195	0.16262574620544912	0.011275456633744853	0.03495201082783751	0.026415381886763498	0.04150335273138822
133.0	0.001102616097778082	0.0010800428688526153	0.03252997423522174	0.003213104429888201	0.04085469420067966	0.004324387580054877	0.18690267492085696	0.04849597660126165	0.021389341448975755	0.012684963913634419
83.0	0.016320266124093905	0.007277419822930824	0.0394931987952441	0.02802371308207512	0.018166106118878814	0.0075628990248037785	0.005410491731017828	0.00459653310244903	0.005437110684951141	0.04376706628128886
201.0	0.1609859801083803	0.1253126100450754	0.08063768893480301	0.10816940724849701	0.09424667967483401	0.0913932036294673	0.04336996029829607	0.09819957286119461	0.043969097258523104	0.05965126401395537
48.0	0.027215883053140714	0.0007609587576107254	0.00554197691092158	0.0011852367313986178	0.0027432933621457777	0.006479996666021179	0.002310765975535105	0.003786560135320087	0.0036587010938092133	0.04655331237241626
32.0	0.02885390043600637	0.000695337009364323	0.005224562869407652	0.0001789534190061204	0.0007557118702698418	2.9883752577006818e-05	0.00527275582904565	0.006932109264660653	0.006148871847992723	0.06186564151922653
11.0	0.00044207882311110807	7.103933428879827e-05	0.0	0.04916225000750273	0.006579234897972128	0.09157566148787737	0.00013490492368703144	0.004797297056016987	0.0013431201701666852	0.003913870115562929
7.0	0.000521647207785918	0.0004717752536998887	0.003954640961019322	0.007113887617142609	0.0036100761905981924	0.04862300600856542	9.02071244491084e-05	0.0016172691303654573	0.0024471835584699876	0.0037430179813776874
4.0	0.0017566475470812293	0.0033512758681661127	0.013215100013185292	0.0024266137628001162	0.0010495801101933467	0.019475714983418584	0.0001749646122334525	0.003433869290893199	8.346669735601609e-05	0.0010733223997522147
10.0	0.004676803465990816	0.006463614333042642	0.018350265105254948	0.0019353379116000724	0.0011056935011583846	0.001209027657750994	1.0501734286663123e-05	0.0030354145969613455	0.004247581288364479	0.0027261743640975976
4.0	0.000489843678633406	0.0010317988327005877	0.0013771328105940484	0.0022152625262970103	0.0001899949033941084	0.0008362834222316451	0.0010731224869959988	0.0016075671960334148	0.0008099858187779319	0.001447417266026605
3.0	0.002315838396025356	0.0017083855146483983	0.0002941548978196806	0.0020534599435632116	0.0006152763362479163	0.0001785759341692028	1.3953968627902213e-05	0.0006788463093107566	0.002782287459704094	0.0018060374807828338
7.0	2.9391389144919346e-05	0.006540564743918367	0.004767953767441213	0.07199446689337492	0.0034970467676357763	0.0	0.00010342634174315364	0.0005908011679795777	2.2516606179578957e-09	0.0009280424255922525
4.0	0.000597729526925832	0.0802139725163579	0.0018597046415925434	0.00044227110092833757	0.0006203375277982559	0.0	0.004061218312708661	0.0025852713578061446	0.01644242326737185	0.008832632601261138
4.0	0.0009422365042787817	0.019586362722329796	0.0	0.0011974718766712348	0.0024778563501443784	0.00032897507326424603	0.0221390805253759	8.76241346122697e-05	5.184090696275234e-05	0.006496961524541405
2.0	0.0001303396624308467	0.0003126925590021301	0.0005714649136189109	0.00028266348381293936	0.0002072581864526768	0.0006520229877787642	0.00013072465238110455	0.00023677303611322032	1.6979826435452595e-05	0.00011773900139814941
0.0	0.0006428600408428054	0.0008164102554655983	0.0005364800867755548	0.0003256620788630471	4.3912556702707664e-05	0.0005711170425638557	3.167965229188496e-05	0.00020879646770481487	7.228444283713387e-05	0.0004772636928828433
0.0	0.0009879483257827814	0.0004131492332646758	1.2995936540391995e-05	0.001091758395486977	0.0002447950861079562	0.002284498897206504	1.4141914471110795e-05	0.00015544754373259196	0.0002677738756318604	0.00028587258572770224
10.0	0.00047707745747175065	0.00027874307112150183	0.003721795720048249	0.002671788245788775	0.005213466592831537	0.003166034682435566	5.483416996412416e-05	0.00014646062831161544	0.0024429415857593994	0.0059106687043095005
34.0	0.0014519123247009702	1.6583019169047474e-05	0.008939827417967762	0.003632655128603801	0.0	0.0006053679979137794	1.3395810627194748e-05	0.0007170921490848061	0.0035353013523854314	0.0010818262536486144
1.13282575928935	0.00016339962598976854	0.000195725286380366	0.00022950128768115975	0.00019892792080099752	0.00029597557095485173	0.00043521513740415687	0.00024591376055468575	6.088362818386983e-05	0.0032199371652677656	0.0006011341162957251
1.70029802282402	0.00048537970404140653	0.00016391921788454268	0.0004249554863145022	0.0001674260453432197	0.0002959741831455176	0.00022769732810957067	0.00029408291899017056	0.00015768403058245893	0.0035079791233874856	0.0008189987695368473
0.0	0.0006672826828324574	0.0007731150636755046	0.00011897244517927842	0.00046902747031708715	0.00014305220534396312	0.004894248269156378	0.00020760879789833098	2.3215369924312056e-05	8.478463132632897e-06	0.0013700166781279678
139.0	0.18466603120788933	0.0013984202598438245	0.01128494163002074	0.029387469953357642	0.07837786098942161	0.07671826196252543	0.005771516209069214	0.052956735037732974	0.0007119523871630042	0.010780355486785994
210.0	0.03381490783765912	0.11255616372451187	0.15031129643321037	0.09596496626734762	0.05317939406260848	0.02604777758824639	0.05904921494424343	0.11337789326906204	0.003913278090516939	0.055661704500671476
343.0	0.0535401723976247	0.14539148427546025	0.11827118374407292	0.13288289450109006	0.11027975294739008	0.15418456088751553	0.19497427746653556	0.05956033827839178	0.21949041411280631	0.20408742748200892
29.0	0.0014634466256115467	0.0006638882920378819	0.0010636706544755725	0.00022110245685325936	0.0009505907600187163	0.00014588846159313106	0.0005629672452960292	0.0003526008749031462	0.1574593986570835	0.0022234822609596976
70.0	0.0037703067198162897	0.0012892235368614196	0.012389164066989906	0.00042868868607911283	0.008331212324264925	0.011377271713572555	0.004855480967962649	0.0009585536312079057	0.16811201095581055	0.03588273199599541
28.0	0.0042352817778009925	0.011958101654890925	0.008870303258299827	0.009087361912534106	0.018350100617390126	0.021490886304527522	0.010949555172119289	0.0003717483393847942	0.0014886023580356778	0.032911298887338486
3.0	0.0018805361343038384	0.003854611560527701	0.004974376017926261	0.009331351923756302	0.00046818533162650054	0.001676403139863396	0.007535550738921302	0.000682713814894669	0.0	0.0012303980463184417
3.0	0.000258824595825109	1.7478841982665472e-05	0.000607104425671423	0.0004436356293808785	7.674158424292088e-05	6.189922899068279e-05	4.699176692213314e-10	0.0021941382176009936	1.2284714046018053e-09	9.7537777156802e-05
407.0	0.10476346857845784	0.07564174931496381	0.15048425503075122	0.05250387847656384	0.1873668411374092	0.037174821831285974	0.1281447347253561	0.27408233284950256	0.03340097753796788	0.06762783339247108
34.0	0.01860754641704261	0.01614568443968892	0.015542939621955156	0.025292530860751866	0.009566531176678836	0.007627732969689893	0.017286047483794392	0.00835633661003385	0.003418419843947049	0.0173014683322981
4.0	0.010744858954567463	0.007309086790774018	0.0010505268644556054	0.002612518852693029	0.0	0.007055576846469193	0.0040713200430036525	0.0010058235438191333	0.0	0.005158887076793322
9.0	0.001381113721672591	0.0008911660615376605	0.0004533289138635155	0.0003442223701858893	0.0008797871812203084	0.0006603625509524136	0.0006010177774624026	0.00019917029148928177	0.03552547067403793	0.0018302142222819384
13.0	0.00015955977250081764	0.00015288710569642206	0.0010596585940629666	2.4687778168512866e-05	0.0002986719280816885	0.00017843951686456804	0.00019082824917632024	2.1483364130006066e-05	0.06072790559381246	0.0021373156546362184
18.0	0.0024513486304016396	0.0006113813704359927	0.0035492540459381417	0.0006845859123859554	0.005877706419560127	0.006980451478302712	0.0029741648175695447	0.00035950819318259164	0.019442902277223766	0.015579099890892394
6.0	0.0012557333374024892	0.0034354883979540317	0.005245548526290804	0.0056216502300230784	0.0022708437370602044	0.004682977970223874	0.005087752461549826	0.00017058568390893925	0.0	0.0016070320502157643
172.0	0.026529703707348817	0.02349714364856483	0.00893546764817943	0.00791691638336175	0.002179884606477263	0.04615989043493755	0.01502098117431164	0.20507393706589938	0.04499886642210185	0.0322281351740187
330.0	0.2844116407632828	0.17208429608494044	0.11453182589262724	0.16418900043237955	0.0	0.13344640975386723	0.2146435020118952	0.060054585540884026	0.10090451050549745	0.19550512732937933
106.0	0.005685845122616229	0.033167873793281615	0.07332918293774128	0.03721312677487731	0.24281680569052697	0.016794527856400236	0.04032774291932584	0.001431377884752223	1.401298464324817e-47	0.0048877731770532685
63.0	0.001723301258025458	0.00031002964591615533	0.046502921746578066	2.6623942103469746e-05	0.055982580166310074	5.62916479566411e-05	0.004615035530296154	0.0015172915586617818	0.002107202696534927	0.004587276378297247
17.0	1.7869289306418067e-05	0.00017473262881502195	0.012289836722193286	2.788125637032124e-09	0.0022128199448866325	2.8162103760109856e-10	2.434837450024929e-06	0.00016977973074892462	1.2840952088311042e-08	0.0010183104647305007
