MutationType	CH43A	CH43B	CH43C	CH43D	CH43E	CH43F	CH43G	CH43H	CH43I	CH43J	CH43K
74.0	0.009324951418993865	0.13235900200903417	0.06436478703049943	0.029220412746145712	0.03419750433182344	0.1500580607354641	0.19152414426207542	0.0077222847258963155	0.03702257801778615	0.030145201841369273	0.0229739434143994
133.0	0.0019933087518438698	0.003224021284922285	0.01715628613019362	0.0403367346059531	0.0281353011463921	0.0026869263936581144	0.0030498950416866445	0.21287707403302192	0.04453087339643389	0.01756942162843188	0.0020462311804294586
83.0	0.011646790279773995	0.005701711898582294	0.028667562087066473	0.018706327308900653	0.04572970352135599	0.02861094543710351	0.006340626770397768	0.0027466109496890566	0.006866999297344591	0.005049120809999295	0.03276565063744783
201.0	0.17127042390406133	0.12209281794726849	0.08643062923103571	0.09288147818297147	0.08161674441769719	0.10529008217155933	0.09409250562079251	0.034625182746676725	0.0908093282300979	0.0480053542740643	0.09170049723237753
48.0	0.013073142755613842	0.0017514830355253252	0.00191113946095669	0.0010927515654371109	0.006762148987036198	0.0008603425120222852	0.009975187232485156	0.0022305785691944767	0.0029992997544183064	0.0016933604312816897	0.0890586286317557
32.0	0.011082568834053745	0.000914643550881209	0.0010597934846543922	0.00037684613253514255	0.005707026523305539	0.00022114074934123095	0.0	0.005229804189730203	0.005443378902732547	0.0028406250580697155	0.11989464890444651
11.0	0.001843216120814838	0.0005278420448303222	0.001452593259746209	0.003751250057909772	0.0	0.05443746067583561	0.11005787953734397	0.0004316186861251481	0.0036101897319895217	0.001527414647178373	0.000832553363579791
7.0	0.0006459425389766693	0.0011422724461044708	0.0019004676030754527	0.0023404965904774153	0.005158338492983603	0.007673184987183006	0.05854538904502988	9.452233633055584e-05	0.0010986695969404537	0.002687208762404225	0.0010594898411363828
4.0	0.003081284007312206	0.00887286065837543	0.000861259360681288	0.0004253319061353977	0.012525753839872915	0.0016814146378082624	0.022779711571056394	0.0003290653473959537	0.003472054066078272	5.068447528174147e-05	0.00051122051452694
10.0	0.004753618469112553	0.014852078850526595	0.003928851210366702	0.0007374113076366485	0.01531408099574037	0.0008376228227825777	0.0007926104565922288	1.4474372001131997e-05	0.004667921468960112	0.003198359609232284	0.003852572541800341
4.0	0.0006462758867473895	0.0006974309726501815	0.0015581868308072444	0.00015609944250172703	0.0017150604726339225	0.0023390152549836785	0.0008186200464842841	0.0008579810303126578	0.0016924572568677832	0.0007554892289954296	0.0007516070445126389
3.0	0.0020189731852224215	0.001982165491790511	0.00048403001248516377	0.0005396121095270701	0.00021004921934945743	0.0020072080935642587	0.00017577751694261679	7.5179686973569915e-06	0.0007029879125730076	0.002879349333816208	0.003384575341187883
7.0	5.2062339076428546e-05	0.010167002784876615	0.0009415154215821531	0.0019475736003747813	0.003857086670592078	0.07763200972229242	0.0009744892957201046	8.911152487854679e-05	0.0011563342104864206	2.022497227471831e-09	0.0011061990639427677
4.0	5.0441599451005456e-05	0.0727337946370244	0.02344882580218845	0.00015502467285841704	0.0007704451464815065	0.0004050676253968888	5.339065683074295e-06	0.0011447328329086304	0.005203006007359363	0.01819370026118122	0.010555192248430103
4.0	0.00026476111651376757	0.013724475018680096	0.013168240962944253	0.003135140588476588	0.0	0.0013209115206973365	0.0009338197123557279	0.017276593862916342	3.298431681741931e-05	0.0	0.007254858760414322
2.0	0.0002593120849242325	0.00027761048473621484	0.00016418758756117313	0.00019830810033724333	0.0006682933347292419	0.00021485699586474237	0.0007818385615064471	0.00012302864393163305	0.00024833440472512793	1.5756547027692135e-05	6.251660030102357e-05
0.0	0.0006717545788546886	0.0007485007391341014	0.0009278798067407479	4.4885697225254265e-05	0.00047389218972966775	0.0003388345882063959	0.0005147588072577492	0.0	0.0002717014384007399	6.844233690300072e-05	0.0001580741136422148
0.0	0.001099101216350391	0.00040299947261701163	0.00042269354958989424	0.00028461862070031427	0.0	0.0012043927699778578	0.0023784652582980927	6.989872053964064e-07	0.00011847119098092918	0.0003018687606482118	0.00019709861331648426
10.0	7.181309396401048e-05	0.0008777839585673064	0.002066606363405299	0.0049280792044010015	0.0038693691603839397	0.0029248999015544543	0.003720585265327827	4.65316304009797e-05	0.0003480616080923937	0.0022573735469632083	0.005739752225781558
34.0	0.0037215090056997723	0.000340480774466414	0.0006731296269708764	1.104659982956946e-05	0.010503295003436506	0.0019894615428736272	0.0005224867841025116	2.9808595430580455e-05	0.0008743296776630416	0.0035494288173504173	0.0004858121768636359
1.13282575928935	0.00010461020799994003	0.00018198670433324502	0.000618094173623831	0.00029781581646602716	0.00018274665892704435	0.00019627044455546638	0.000416798078094871	0.0002320348206558265	6.952136518521002e-05	0.003309642157983035	0.0004345628427199699
1.70029802282402	0.0003142725390353007	0.0001877488616082701	0.0004841274766892758	0.0002910738736773055	0.0004925522105986602	0.00017333459931194285	0.00019051312198826054	0.00030346620996169805	0.0001503363604081187	0.0036090508732013406	0.0009503621050862421
0.0	0.0004366366671514932	0.0005340567242697958	0.002602082555531524	6.888020714953314e-05	7.240196722907655e-05	0.0005648392551256621	0.004858350118738599	0.00010558185738794634	2.9776477848741933e-05	3.5165503504686058e-06	0.00022460164017132911
139.0	0.21355886481702327	0.003312869021210646	0.0473660644103012	0.08907105692662298	0.0052223280827735155	0.01815512266708538	0.05395318553317338	0.003525161630279988	0.04098201335640624	0.0016380408483382858	0.010950952342245728
210.0	0.0315913483838515	0.11889138586819172	0.040918037208612076	0.04625583155080676	0.15925357721745967	0.09379487789934501	0.03292887936420561	0.060761304162442686	0.11488753341138364	0.0019594391968712445	0.0950279931537807
343.0	0.03869265110365393	0.13080902583897114	0.18968424070626497	0.11286285605281592	0.11994595624506474	0.1396972630918026	0.1559708235785365	0.19090136557817458	0.06913707268889993	0.21905889511108398	0.13729162842035295
29.0	0.0012073968330514617	0.0009854038408229826	0.000987206121426425	0.0005893944776835269	0.00141098289186393	0.00022180431478773243	0.0002543407742814452	0.0006731209799909265	0.0004041301612778625	0.16629407197237014	0.0039392418344505135
70.0	0.001461792170875924	0.0008033151207200717	0.030403722512419337	0.009896932215779088	0.012293698312423657	0.0003144728922052309	0.008322131503373385	0.004647027029267292	0.0038740116995177234	0.1709894996881485	0.014963356765137945
28.0	0.001254525456170086	0.010589100297074765	0.03338983964174986	0.020321128766518086	0.0061236258392762324	0.01042846368451137	0.017610494863765785	0.010451867750380189	0.0014919928996823728	0.00048052684142021464	0.012955228353966959
3.0	0.0035794433440423743	0.00366126957385859	0.0028881782363168896	0.0002738309551010332	0.005308893525507301	0.008852155149797909	0.0016971204533183482	0.00713459024904296	0.0003251404721959266	0.0	0.0013567142153624444
3.0	0.0006403290799543982	4.5500248374850114e-05	3.729790099896491e-05	2.7959600795597338e-05	0.0007477130218910766	0.00032585230372916385	2.894498945895663e-05	2.0065808570279843e-10	0.0018955401655782822	1.132415690108246e-09	0.000205081710348054
407.0	0.10783099304884672	0.08437379773706198	0.05276224682190823	0.19407131358981133	0.15462025314569472	0.0460466947266832	0.022111800803104417	0.1387624752521515	0.2753996719419956	0.027348751192501162	0.09713246245599294
34.0	0.018320355135947465	0.01694842175464146	0.018355277925729753	0.00930946032050997	0.01386900840254384	0.024986770721152424	0.006008149268590129	0.017458687291364187	0.008617208072100766	0.0027308608530438507	0.01825041472213343
4.0	0.011561259783338756	0.004989103029082228	0.010986652643186972	0.0	0.0013423820381285622	0.002380975773121463	0.006449909895763994	0.002350285260417877	0.00034636147756827995	0.0	0.002691177670703837
9.0	0.0012812964941440442	0.0009207674815115751	0.0015384703065501526	0.0008373817864958255	0.0005789870324724688	0.00039577561199621413	0.0005783910426725925	0.0006220397046854487	0.00023459242715034634	0.03722349815070629	0.0014776770731987198
13.0	4.324494453612715e-05	0.00016600331175794736	0.0019865623274188237	0.0002754334158902338	0.0012141557066743048	1.0269263021278618e-05	0.00027722692687452087	0.00018786561755486985	0.0003497725530819906	0.06338111311197281	0.0010481651087602727
18.0	0.0012282153179694433	0.00044167539381305686	0.013229374131042278	0.007000917263794691	0.0026672457467066123	0.0005723769773612731	0.004809321177563106	0.002829840765626841	0.0012900670675142223	0.018172365562058986	0.007547275770630222
6.0	0.0015047371022228618	0.0036497941799461843	0.0028904876374872403	0.001841312680626288	0.00573194601922296	0.005800903504915595	0.00529487022489775	0.00477944636044981	0.00020005354599561542	0.0	0.001111954947864433
172.0	0.022018034801438154	0.023003402585968984	0.012921255434812201	0.002060479221162712	0.004026517080182828	0.00786863600545737	0.050749071342891215	0.020429195880479943	0.20722137339413166	0.041965866312397855	0.05271886244098823
330.0	0.2975316858291626	0.148481451831758	0.2777371068298817	0.0	0.10522605826146901	0.15524439647910185	0.10056087117032582	0.2002289093285799	0.05768450938697205	0.09870076596736908	0.13521558601977632
106.0	0.006813006904016744	0.05186044215224683	0.006535259116638812	0.246092828810215	0.07062807472422719	0.04115852321498096	0.018848670006264	0.04328769788844511	0.0021609389688819645	0.0	0.005750150601379582
63.0	0.001438787816587137	0.0012662862753495573	6.401011545676738e-05	0.055555051304399965	0.05688765502301976	7.638880982995033e-05	9.599578625056893e-05	0.004448726095006507	0.0018007742766945967	0.002345925317518632	0.0037060993146218802
17.0	1.5256017445741677e-05	0.0005062270901748889	2.5737828144443142e-05	0.0017296410634184056	0.014939141985960304	1.9818607599475515e-09	1.402244327763924e-08	2.08739331368335e-06	0.00027765565877326817	7.856398083205817e-09	0.0006593221764155998
