MutationType	CH43A	CH43B	CH43C	CH43D	CH43E	CH43F	CH43G
74.0	0.10946161474101246	0.12409367732703686	0.024454321714583786	0.051764856688678265	0.0537419047115343	0.02958719981019385	0.025292558116998407
133.0	0.006944659763842912	0.0008240162767469883	0.037220386937260624	0.042127851163968444	0.005176763136293623	0.13680222816765308	0.022059427603729444
83.0	0.013874856354668737	0.016112549058161677	0.03373506590723992	0.024702152740210294	0.015901991227874532	0.006618011516402498	0.007101226972436052
201.0	0.11382518053054809	0.1261708951741457	0.08531545240432024	0.0832334104925394	0.1366031415015459	0.06039851706009358	0.05066646734252572
48.0	0.006490363783668727	0.0021139650711310765	0.009931063143885694	0.004401490706004552	0.01754775450681336	0.0038407818037376274	0.012707674719858914
32.0	0.0005581603126462186	0.0012474481198296416	0.012252729878528044	0.0031848382345197024	0.018561851556878537	0.007939407069934533	0.02072061227634549
11.0	0.059165268211218064	0.0006805749784689396	9.8082241602242e-05	0.007610958349541761	0.020914361869735103	0.0003155027861794224	0.001607992155110196
7.0	0.027036818565102295	0.0005765235519538691	0.0025576741312397645	0.00400624095054809	0.00452508784190294	0.0001973014624127245	0.0028225536168611145
4.0	0.009745951504446565	0.0032369596434000413	0.009651199267245829	0.003854725536002661	0.0027398346888367086	0.00014810219214268729	0.00011256130854690127
10.0	0.0009267454914515838	0.005218472726992332	0.01461467302404344	0.004293903472134843	0.002519662076374516	7.63312955677975e-05	0.0032814117103472287
4.0	0.0009225846271510818	0.0014149165453272872	0.001659407327970257	0.00036224839143869756	0.0012482077268396096	0.0011949117406038568	0.0007039850160072092
3.0	0.0005014117879909464	0.0018404233932960779	0.0004489486665079312	0.0009202042291872203	0.002112682906445116	0.00014755771684576757	0.002721617465140298
7.0	0.005655417766188293	0.019354470680864325	0.000839264192036353	0.014993051392393682	0.021052809092216195	2.466799453586077e-05	0.0
4.0	0.0	0.056011229280848056	0.00012807234539650842	0.0011500030604656786	0.00019182488656952046	0.015378216812387109	0.016942006654571743
4.0	0.0007951708387719237	0.014070389572189014	3.2278744038194417e-06	0.0022652213832044764	0.0007833060589499752	0.024069726527668537	0.0
2.0	0.0004009913086701999	0.00030271786718003566	0.00046916393221181353	0.0002559637413738791	0.00021376302638493884	0.00015770790935039968	1.7887541854779697e-05
0.0	0.0006598510097774124	0.0008013328091328731	0.0005888196686441915	5.399188632509322e-05	0.0003578985129433221	0.00011229489151446614	9.480378206138562e-05
0.0	0.0018955921428278088	0.00044902185050887055	3.0208174848667113e-05	0.00018336530496393166	0.0008327580273908097	4.7510774465990834e-05	0.000396265783017995
10.0	0.002609754523728043	0.0009195631606053211	0.0022053361363214207	0.005613096316810697	0.0011006805938086471	0.00018468671911250567	0.003057207152014598
34.0	0.0005783759788027964	0.0010534109637956135	0.008386745783500373	0.00012250855150341522	0.002394488232821459	6.098095276684035e-05	0.0019704909111493405
1.13282575928935	0.0003994598097051494	0.00020014021273823346	0.00018034430687242586	0.0002465984246373409	0.00010620083345202148	0.00021563825223609002	0.0027814649476204066
1.70029802282402	0.0002767350207614072	0.000200345292187194	0.0004244130148435943	0.00031907420583593193	0.00022137307641060034	0.0002663792733801529	0.003019179356051609
0.0	0.0035009827581234275	0.0008019330566457939	0.00018088016609765667	2.0940111383751516e-05	0.0002758855543888572	0.0002943129634730113	3.345817484284197e-05
139.0	0.11336097195744514	0.012276105668176877	0.028278117573354696	0.042347449022345246	0.11881078359670937	0.008652078432677655	0.011363301153760403
210.0	0.019055645801126956	0.11471522748470306	0.1357316206395626	0.08064031541347504	0.0647438165359199	0.06460498303174972	0.006681849324561995
343.0	0.13307527713477613	0.1383306463062763	0.10649816811084747	0.12585019052028656	0.06952215149998665	0.18475306242704392	0.20527174770832063
29.0	0.00012103761984690209	0.0002515663821009184	0.0010285282976951748	0.0011088589713108387	0.0008437674002561835	0.000491908651229096	0.1234451936930418
70.0	0.010557156563736498	0.0021955312427598996	0.011046857823384926	0.006798405981971883	0.0009691915288581526	0.005154998189536855	0.14573040679097177
28.0	0.020534355910494923	0.01120907486428165	0.006704563097209757	0.017285863207653164	0.0030576345504960047	0.012631728858686984	0.005473745781351802
3.0	0.0022458887939986027	0.005664524680469185	0.0035319575748872013	0.002001454392588421	0.0039005547336981292	0.0064407501366804355	0.0
3.0	2.4258712865430355e-05	0.00011771790048202835	0.0010514579604387108	4.115089638739633e-05	0.001073111015275856	6.352794823527574e-10	4.171875575664785e-08
407.0	0.04442834791378118	0.06509335385635495	0.17131298646330834	0.1677056223154068	0.1302133972942829	0.13221220083534718	0.05696419779211283
34.0	0.012768413824960589	0.019791149692609908	0.015322707397863268	0.012435532845556737	0.017751042717136442	0.015549773974344134	0.004005567372078076
4.0	0.009811209589242935	0.007615249551017769	0.0017781939674750902	0.0	0.0049832762102596465	0.004473761182307499	4.665535202121873e-06
9.0	0.0009009546691595461	0.0008371900362180895	0.0004482740926919003	0.0006934655401710188	0.0006697006554145446	0.0005866880837697863	0.028664132114499807
13.0	0.00017934189757604636	0.00011566192554772265	0.00096766968710849	0.000308350350561426	1.6610188474457387e-05	0.0001313906322066534	0.048361781649291516
18.0	0.006791021202225238	0.0008677718565197642	0.003459740280668484	0.004640934578492306	0.0008905181154729545	0.003214788260811474	0.019584216624498368
6.0	0.0037954593251924964	0.0041566377884009855	0.0031687843418330888	0.003607639202964492	0.0019748742553565533	0.004622086685849354	0.0
172.0	0.028562285993248223	0.009305498428624055	0.05630436117295176	0.0007342392762802774	0.06353796681505627	0.02836468704044819	0.059674819596111775
330.0	0.20809075862169266	0.1989627480879426	0.15173403277993203	3.73322279756394e-10	0.19136840239167213	0.18829556241631507	0.10507403515279293
106.0	0.019360746531747283	0.030324311065487563	0.0256064389926562	0.21659815952181816	0.014584301069844515	0.04556018223054707	2.7496484108269214e-06
63.0	0.00011091729742474854	0.00042332965007517486	0.023802920603193344	0.05679523441940546	0.001819221247569658	0.006089567893650383	0.0015867102051470283
17.0	1.957705286770306e-10	5.172545475875978e-05	0.006847132852967874	0.00472043814118706	0.00014544584419076578	9.182975020114891e-05	7.2106230364354926e-09
