Samples	CH43A	CH43B	CH43C	CH43D	CH43E	CH43F	CH43G
EOC1003_p2OvaL1_TR_DNA	7.90E+00	1.79E+00	3.32E+01	2.21E+01	3.07E+01	1.86E+01	5.85E+00
EOC1003_p2OvaR1_DNA1	3.89E+00	2.56E+00	1.70E+01	1.58E+01	1.62E+01	9.68E+00	4.67E+00
EOC1022_pOme1_DNA1	1.65E+00	4.51E+00	2.00E-01	4.48E+00	2.36E+00	6.70E-01	3.60E+00
EOC1022_pPer1_DNA1	6.06E+00	6.80E+00	9.57E-01	4.79E+00	5.38E+00	4.90E+00	4.53E+00
EOC1067_pOme1_DNA3	1.14E+01	8.24E+00	1.49E+01	9.28E+00	1.08E+01	7.25E+00	4.78E+00
EOC1067_pOvaR1_DNA1	1.65E+01	3.30E+01	1.84E+01	1.71E+01	9.64E+00	3.36E+01	4.45E+00
EOC1067_pPerR1_DNA1	6.43E+00	3.90E+00	1.52E+01	1.17E+01	8.58E+00	7.83E+00	4.71E+00
EOC1067_pTubL1_DNA1	6.90E+00	7.31E+00	1.97E+01	2.07E+01	1.64E+01	8.22E+00	5.25E+00
EOC1091_pOme1_TR_DNA	9.49E+00	9.41E+00	4.19E+01	2.88E+01	2.47E+01	1.63E+01	5.12E+00
EOC1091_pOvaR1_TR_DNA	8.61E+00	5.25E+00	3.16E+01	1.67E+01	3.46E+01	1.51E+01	6.56E+00
EOC124_pOvaL1_TR_DNA1	4.23E+01	2.28E+01	2.31E+01	6.88E+00	4.68E+01	1.95E+01	2.23E+00
EOC124_pOvaR1_TR	3.72E+01	2.26E+01	1.87E+01	8.42E+00	4.01E+01	8.32E+00	3.62E+00
EOC133_pAsc1_DNA1	3.11E+01	5.82E-01	2.16E+01	1.37E+01	4.02E+01	1.02E+01	4.07E+00
EOC133_pOme1_TR_DNA	2.56E+01	3.39E-01	2.11E+01	1.53E+01	3.33E+01	1.26E+01	4.15E+00
EOC133_pOvaL1_DNA1	2.81E+01	1.29E+00	1.71E+01	1.21E+01	3.36E+01	8.90E+00	4.01E+00
EOC148_pAdnL1_DNA1	9.90E+01	8.92E+01	5.29E+01	2.48E+01	1.37E+02	1.53E+01	9.69E-01
EOC148_pAdnL3_DNA1	8.13E+01	7.84E+01	4.52E+01	2.42E+01	1.10E+02	1.79E+01	6.43E-01
EOC148_pOvaL4_DNA1	5.87E+01	5.69E+01	2.48E+01	1.87E+01	8.74E+01	2.46E+01	1.81E+00
EOC148_pOvaL5_DNA1	9.31E+01	8.41E+01	3.82E+01	2.29E+01	1.35E+02	2.13E+01	6.25E-01
EOC192_iOme1B_DNA2	7.60E-01	2.87E+00	3.04E-01	2.00E+00	2.10E+00	4.29E+00	3.44E+00
EOC192_iOme3A_DNA1	9.35E-01	2.02E+00	1.65E+00	2.13E+00	1.07E+00	4.26E+00	3.07E+00
EOC192_iOvaR1A_DNA1	3.77E+00	1.05E+01	6.47E+00	3.25E-01	7.69E+00	8.27E+00	4.92E+00
EOC192_pAsc1_DNA1	1.15E+00	6.62E+00	3.02E+00	6.54E-01	3.93E+00	5.71E+00	3.98E+00
EOC192_pOme1A_TR_DNA1	3.07E+00	1.20E+01	5.37E+00	6.17E-01	7.27E+00	9.23E+00	4.68E+00
EOC192_pOme2B_DNA2	3.57E+00	1.19E+01	5.52E+00	1.73E+00	7.38E+00	9.08E+00	4.70E+00
EOC192_pOvaR1A_DNA1	3.83E+00	1.08E+01	4.96E+00	8.85E-01	6.52E+00	8.07E+00	4.80E+00
EOC192_pOvaR1A_DNA3	4.66E+00	1.19E+01	3.74E+00	1.24E+00	5.75E+00	8.47E+00	4.36E+00
EOC192_pPer1A_DNA2	2.68E+00	7.96E+00	1.33E+01	1.67E-01	1.20E+01	7.46E+00	5.32E+00
EOC192_pPer2B_DNA1	2.60E+00	8.19E+00	1.03E+01	5.99E+00	1.19E+01	4.88E+00	5.16E+00
EOC293_pAdnL1_DNA1	1.36E+01	1.44E+02	1.73E+00	1.46E+01	1.53E+01	1.35E+02	1.52E+00
EOC293_pMes1_DNA2	1.90E+00	1.05E+02	1.74E+01	2.73E+01	1.65E+01	8.52E+01	8.38E-01
EOC293_pOvaR1_DNA2	1.04E+01	1.11E+02	2.97E+00	1.91E+01	8.14E+00	9.68E+01	1.38E+00
EOC372_iOme1_DNA1	4.01E+01	3.41E+01	2.16E+01	1.74E+01	5.71E+01	1.50E+01	2.86E+00
EOC372_iPer1_DNA1	1.23E+01	1.14E+01	2.25E+01	1.47E+01	2.22E+01	2.32E+01	4.33E+00
EOC372_pPer1_DNA1	2.04E+01	1.53E+01	2.64E+01	1.61E+01	3.16E+01	2.66E+01	3.35E+00
EOC523_pOme1_DNA2	2.80E+01	3.14E+00	5.12E+01	9.71E+00	6.35E+01	5.88E+00	5.93E+00
EOC523_pOvaR1_DNA2	2.62E+01	1.21E+00	4.47E+01	9.81E+00	5.80E+01	3.20E+00	4.91E+00
EOC561_pPer1_DNA1	2.46E+01	1.12E+02	4.35E+01	9.50E+00	4.64E+01	1.17E+02	3.23E+00
EOC561_pPer1_DNA1_bgiseq	2.02E+01	1.02E+02	1.56E+01	1.10E+01	2.57E+01	9.22E+01	2.84E+00
EOC63_pOme1_DNA1	2.68E+02	1.48E+02	2.13E+02	6.76E+00	3.71E+02	3.05E+01	0.00E+00
EOC63_pOvaR1_DNA1	2.62E+01	1.99E+01	0.00E+00	1.70E+01	2.57E+01	1.39E+01	4.22E+00
EOC667_pMes1_DNA1	8.54E+01	5.41E+01	4.40E+01	4.51E+00	1.12E+02	1.62E+01	2.17E+00
EOC667_pOme1_DNA2	6.82E+01	3.74E+01	1.90E+01	6.81E+00	9.18E+01	1.79E+01	2.45E+00
EOC77_iOme1_DNA1	2.79E+00	6.24E+00	5.89E+00	4.54E+00	4.62E+00	5.76E+00	4.90E+00
EOC77_iOme2_DNA1	4.03E+00	9.84E+00	1.74E+01	6.85E-01	1.33E+01	1.05E+01	4.89E+00
EOC77_iPer1_DNA2	6.56E+00	1.24E+01	1.21E+01	6.53E-01	7.98E+00	1.25E+01	5.29E+00
EOC77_pAsc1_DNA1	2.97E+00	7.99E+00	8.43E+00	2.45E+00	4.78E+00	8.25E+00	4.91E+00
EOC77_pOme1_DNA3	3.97E+00	1.19E+01	1.16E+01	3.57E-01	1.02E+01	1.08E+01	6.73E+00
EOC779_pOme1_DNA1	1.73E+01	0.00E+00	5.96E+00	7.80E+00	1.82E+01	1.10E+01	3.52E+00
EOC779_pOvaL1_DNA1	5.99E+01	7.69E+00	1.41E+01	5.85E+00	6.53E+01	1.01E+01	1.94E+00
EOC779_pPer1_DNA1	4.03E+01	1.92E+00	1.04E+01	8.83E+00	4.43E+01	9.96E+00	3.21E+00
EOC863_pMes1_DNA1	1.51E+00	1.55E+00	2.86E+01	2.10E+01	1.12E+01	1.47E+01	4.59E+00
EOC863_pOva1_DNA1	9.27E+00	8.15E+00	2.85E+01	2.92E+01	2.74E+01	8.51E+00	5.42E+00
EOC879_p2Ome1_DNA1	1.28E+01	1.81E+01	3.44E+01	2.34E+01	2.45E+01	1.72E+01	4.91E+00
EOC879_p2OvaL1_DNA1	8.27E-01	3.73E+01	4.76E+01	5.83E+01	1.91E+01	2.94E+01	1.97E+00
EOC879_p2TubL1_DNA1	1.54E+00	2.62E+01	3.82E+01	4.80E+01	1.67E+01	3.11E+01	2.17E+00
EOC914_iOme1_DNA1	1.09E+01	1.51E+01	3.50E+01	3.79E+01	1.97E+01	1.46E+01	5.76E+00
EOC914_iOvaL1_DNA1	8.04E+00	1.81E+01	2.98E+01	3.73E+01	2.14E+01	1.31E+01	6.87E+00
EOC914_iPer1_DNA1	9.45E+00	1.22E+01	3.54E+01	3.45E+01	1.61E+01	1.44E+01	5.86E+00
EOC984_pOme1_DNA1	1.14E+01	8.56E+00	1.03E+01	5.53E-01	1.31E+01	1.72E+00	4.24E+00
EOC984_pPer1_DNA1	1.02E+01	7.30E+00	9.78E+00	3.87E-01	1.23E+01	3.85E+00	3.37E+00
